7580
0
6674
75076
79999
48184
72479
77879
44033
71947
63931
56503
56611
63111
72561
40529
69639
62830
78863
65176
76997
71808
64970
74422
79408
75425
79786
69500
76841
11683
65723
69050
78707
67777
67997
79587
18145
79517
70740
36976
55590
79459
76729
62082
76517
60520
72972
71820
69196
73959
53953
79803
65343
78947
59602
68561
70688
43955
56081
70489
72678
76848
74057
77185
64018
62536
60891
51741
72638
48147
75681
73298
59840
63951
64393
79948
69998
61973
59795
69994
39408
29833
69695
73330
79249
45339
58343
57971
20967
55326
73650
67242
73953
60918
65518
75889
69488
72940
73943
67636
58347
47750
55729
16083
56308
78998
45393
77328
64848
76243
60213
75414
70384
74448
74837
54457
78714
36184
76344
67548
79367
77431
39546
68492
15721
65744
63932
61458
53815
32327
39173
58306
65396
78310
63633
73138
77937
78953
77402
74190
61390
69941
69853
77629
72821
72386
64331
71036
47206
64883
77828
53456
77246
79520
34742
59868
46127
74409
79834
77777
76159
45171
54151
14566
71446
77981
56007
31817
76451
41165
78520
15766
76203
71003
72832
71543
67116
71546
76744
71689
70511
62442
66655
72302
73111
75097
71903
14051
78268
78282
59063
55128
50304
74218
55620
67346
75218
78480
76622
42985
71006
68811
73525
73204
65511
72254
75480
54424
70915
57508
65397
76279
48641
59564
57512
72401
57145
79943
58365
78346
67030
51648
77456
76024
46760
63996
69968
73610
72445
78617
56060
76689
79765
47029
79633
25079
71494
76353
77827
50175
61324
46623
78624
72449
73278
74775
74424
63602
69107
63460
73206
65851
75273
70321
77023
75008
75252
69216
66995
70003
76178
76500
64535
22932
66520
54496
50040
66227
62953
71065
44990
43808
62102
72593
41047
78159
64285
48455
79118
65983
59579
77676
63218
64006
56870
72991
65722
61679
74867
29190
74080
56608
74390
79929
55758
52487
70142
71803
77097
73737
79382
77039
62649
57767
69973
71067
47982
76309
74075
43635
51475
68699
72387
48799
59277
78170
51398
36682
61620
73200
74141
65545
67926
49640
78132
61178
79901
65662
78018
79718
79835
78681
62420
76492
56281
73898
74945
72104
59324
78002
78293
71086
26759
61710
31556
76764
59562
60829
60611
73630
54883
78443
79026
70486
70050
19235
68120
75363
78761
54735
62996
79463
52113
62624
45202
66447
72264
73639
76436
77353
50021
71173
64805
73560
61004
59181
37204
71440
61043
79453
41223
75795
48406
68406
77928
61656
59470
71781
77851
58826
53744
67784
77615
76504
47693
56280
75667
79369
79604
77202
79398
63196
67357
55698
36220
60972
75321
68332
28686
46989
79955
73031
79996
73003
55875
78686
77947
78757
76985
75639
44064
71703
42102
74516
52676
75543
77651
74590
75990
67622
52061
76692
20077
78129
35067
58761
69276
54835
56514
72668
49254
71157
40267
78792
49878
75156
48035
74807
52082
63887
72749
47662
58249
71737
77284
78944
70098
61115
67798
67439
71167
79390
67065
54971
20362
65542
63680
75574
45120
79038
69317
73400
69929
71597
68291
78056
53271
66347
76767
79132
68611
44654
72375
65322
76134
62853
73548
72271
71140
48686
75557
67369
69188
67052
35786
74444
49916
57022
57700
77791
51155
79134
72069
75389
50217
71578
75143
73168
70636
56041
56175
79976
56209
71412
67262
72771
45749
43564
29839
78603
79280
66798
76653
75970
63527
62594
68768
45630
68248
60459
45020
79396
69295
73104
20771
40895
77995
77340
69534
50646
59549
64506
70653
61560
72618
63545
74347
70382
70679
69523
72591
51788
74353
70084
77025
78754
47878
70680
74923
75836
55357
69314
62579
44953
69516
78206
56111
33985
52400
71771
77641
58415
75583
49204
78661
26361
78934
79969
37407
52302
39355
67949
75618
79145
72025
75014
58432
60592
69989
79402
73164
75094
46279
61382
74385
69897
44125
32574
77422
65935
77359
61963
69800
76010
58841
72905
54054
59496
78763
62117
72029
54916
62014
64632
67553
79937
63535
57895
77818
56767
71135
75104
70823
79779
55163
46417
26079
77601
43967
75197
46315
63786
76795
76462
30071
72579
40560
74327
49134
57310
70302
63397
64973
54959
65537
49161
26034
59952
64602
64222
50697
71989
26897
56406
49253
58163
78702
61855
65024
76055
40392
62896
44123
53947
77836
66329
75488
65452
63337
64155
64024
76020
66985
61496
51667
77956
14750
53297
41697
76489
47146
79365
6680
59631
62782
70784
78738
44522
53339
65713
55382
72431
51318
79894
75983
77034
79112
69381
44469
76493
75740
68634
50295
75320
78449
76225
66112
42923
75614
67956
57406
55507
48075
56552
49828
71942
63521
77237
77712
78326
48944
52077
77845
70293
72642
69770
57051
69266
32812
51973
79198
76868
75852
70052
73435
48234
59176
73990
64353
63580
55453
57490
68514
75934
70540
75447
57151
64201
73905
70111
64575
68931
75212
60098
55799
31779
79841
19096
64608
68152
41929
72549
68213
73678
41148
71890
34435
59662
57842
58386
44897
68721
74673
33240
73284
57811
56573
76908
78100
57104
64137
76972
53064
68056
77194
75961
57884
50433
39168
71939
39789
60571
32010
63085
45679
53949
76001
24182
53355
74003
70800
62645
69888
67973
78562
49484
67341
67452
78515
64381
42510
40477
67537
42794
79088
59298
52948
56283
47006
67414
78651
77751
79084
79229
59145
78779
78948
23953
49356
51844
68727
68317
76990
49605
58920
72140
77339
79695
37220
77178
77406
71553
72488
53987
77924
59079
28443
50348
62288
75158
69445
78700
79531
15473
54541
42626
55413
74823
73081
70028
77263
52815
73135
49727
77464
35883
44770
73425
71052
64055
68602
77523
67045
61975
61762
76437
64727
78473
74404
46414
60843
41320
76575
76631
76072
75225
79720
72260
70822
74722
72609
55636
36208
71321
3535
68223
76223
67506
44244
48336
66182
60486
71946
62358
78080
68300
73900
79111
59433
70947
69969
76017
50503
54723
59111
72894
55045
69133
65462
76935
19810
77570
74040
75299
28487
78313
60425
6856
74447
75783
69302
63823
65273
79963
34952
43950
79730
59640
49985
77308
77593
58731
71257
31100
58800
79361
55101
42247
70372
77520
54403
69571
79896
74743
71817
49702
73979
77206
63268
73380
72137
79759
75566
46884
74279
79033
77042
76541
79013
74535
58869
71110
70311
51088
64111
23423
76175
77479
50741
72244
62124
24146
70918
66196
65435
49965
74917
70506
70731
57932
64098
79527
46114
45224
68788
74272
73892
67934
73734
71406
39549
79891
58313
62753
64475
78858
61477
64733
49438
70498
63284
49915
70333
77348
78649
58409
55314
76478
73893
74397
73507
58488
57919
79984
64703
66148
50012
40583
39558
76824
53887
31409
49929
63504
63568
60768
61864
65921
66936
65189
79172
57973
63170
64164
65716
67100
62844
79237
73227
51807
73215
77729
66916
60916
72781
76955
59541
59026
77024
65403
47333
72987
73970
33584
73473
79733
76672
46054
69210
79197
67619
63050
75830
68006
62213
76091
73692
61621
69218
32948
66652
77557
77295
70225
57017
47509
53095
79743
63936
68793
56415
71884
78839
73514
43841
49899
31866
60132
62028
79117
66544
65914
68205
43069
40446
59396
64458
71580
75967
68498
74751
72587
77918
60613
76027
73334
75655
71178
50944
29070
61022
76016
72559
76667
56411
65026
71965
61312
68511
79192
79735
71316
29808
67195
79293
75284
35684
58018
61658
42067
54126
45468
50486
78319
73670
62872
73656
39780
70950
76163
64700
77661
39296
63254
59182
73174
75333
43586
78997
59815
68370
70589
61320
61819
71091
56113
53944
65847
75336
47286
29390
66984
76886
73704
59148
69620
57951
76311
66244
61330
63853
51159
64652
61982
38378
62668
31840
57996
68874
55880
70316
37429
62071
64791
63984
74231
76883
74984
70153
71611
71807
70264
29209
55379
43596
49635
72718
60728
73306
69089
75717
55921
54345
45043
50831
68380
76890
37321
79067
35671
69987
58566
77637
76434
71649
68174
63445
67493
78819
74332
72487
78787
63779
78414
50825
39849
74749
48464
66761
72246
49889
75582
64530
47300
72632
79499
69298
61925
77125
77158
63594
79064
68945
69813
38009
63895
30572
57644
71608
70727
78775
65708
79205
60940
78590
36110
78607
67063
27283
68060
43351
55876
56622
78809
53105
74069
73636
65669
79607
16714
70140
72093
55522
45527
64860
69574
74998
60133
34820
74821
32103
78922
69086
73944
68955
65507
76083
73449
74193
42619
67912
78660
65368
75612
61781
79723
63271
60855
74188
54007
66717
74777
73432
72848
70085
71730
68555
51128
63354
51068
57210
71626
52614
73731
73160
66204
63344
69281
79079
28962
72808
69027
65167
72103
70478
67076
62029
74847
74436
77473
76135
66142
48331
79961
79522
70974
63551
58917
70032
41601
76566
74739
79991
45720
74357
76836
57660
77189
52824
65117
66630
69148
41954
39903
74944
72001
76630
10608
78277
68333
69252
69570
47562
37806
60481
78020
56542
66159
44812
69262
76904
68276
72267
53581
58642
25448
64723
74704
61307
68020
65912
52045
50387
71524
72061
61106
75494
65834
37459
49574
65476
50370
53880
74145
69707
72763
64225
33645
70181
79698
56441
70937
70819
43876
20393
62130
67797
73867
53492
74318
65284
70048
58961
42697
75735
34949
55506
53377
28799
65861
24579
33654
76896
76891
48827
37815
32485
74055
77599
56513
75790
68252
56783
73826
56449
39083
65441
73831
61374
64909
76339
58704
68952
70443
78834
38475
69536
65651
78455
70019
76424
62812
23108
79885
64666
59304
64247
50779
77515
43179
61337
57602
58995
44998
71434
61728
70398
66416
73471
48832
66676
73433
44912
35198
79437
60232
78867
68648
64956
62238
75485
71403
65996
74959
28641
79468
66223
57603
77439
53328
29093
55707
73910
79194
77562
57111
44528
65960
76565
44207
49215
4370
76129
64706
69526
65448
56014
72074
57548
62856
63986
43190
66139
77099
46025
53373
56422
79580
76056
40633
77105
66690
51133
64598
78941
76760
74675
30092
79689
68017
69357
61155
79256
55004
76596
65899
78753
75888
73946
78171
77604
64861
35013
74531
33664
71015
67303
74647
76432
73026
72238
78104
66894
74551
72740
75863
8150
2260
64971
64350
71351
67963
78921
62640
68051
66838
57245
64445
45353
78879
79870
67450
52520
75595
75370
77297
79376
49877
68183
35163
64142
65930
58655
15436
56753
57797
59700
65755
63479
4021
73401
46078
71910
70657
79830
77773
73535
35629
45219
65629
77061
66660
76819
60400
75194
77853
73782
75668
63841
74982
9800
44085
69524
73128
78743
58564
66414
78530
27243
74431
68877
36865
52451
62752
65129
57806
71727
34368
79548
71577
71521
78140
66172
72575
74813
60123
74345
63954
21508
63774
50512
7451
71849
69324
71303
54860
60619
72966
11599
73725
73720
67704
77256
46599
78772
78536
45906
65302
72780
27872
66602
78726
72454
47611
73103
56869
41113
21812
61064
79358
14454
72393
69916
70643
67417
44701
64677
70691
57237
19248
72951
51713
38928
74571
75328
77634
67618
68134
57090
60954
77978
57823
77727
10941
73699
67961
24395
75964
24955
70259
61713
65424
76638
29499
53616
68076
75065
66346
67993
67331
77123
75010
77899
78866
49045
72851
62103
61310
70690
41419
69653
63628
69024
64089
78658
48965
78417
69831
71948
78379
68116
63355
69475
76239
46644
75700
58193
75461
65865
76464
74450
53284
71974
77071
79612
79450
75516
66948
71579
79444
65381
70980
59977
58035
71699
74809
46109
73139
77483
53913
78549
69201
71558
67141
64729
71506
57153
52068
71877
40843
71753
51793
25801
60116
75200
66132
62888
30660
43306
76863
75976
78130
60168
68091
17475
48241
64694
5110
64079
46034
52597
62237
74492
76139
29283
74453
61276
78225
38548
69370
70055
59872
79772
72845
45446
75884
75047
73294
50205
60582
54925
68859
70090
69427
64471
70450
79642
63768
47934
44499
59835
65417
69378
44786
48123
78976
57632
73882
45758
31362
46446
47894
79532
65215
65249
70897
75170
48815
68666
77690
76900
73986
35276
60057
69552
77226
68956
74171
75131
70014
38376
67245
78055
67457
73126
78246
73052
69159
59961
78628
58001
69643
55276
43704
61871
79300
72030
65874
50717
40017
42722
70656
62307
52569
79417
77400
34339
63529
73137
40098
43759
62366
70538
77652
76846
78431
69911
78557
79729
69837
75754
69325
75594
61296
75902
73058
74265
69279
54040
62519
76306
50800
65569
59017
79964
28295
29848
70570
66836
73469
59836
70579
78828
28319
28692
72096
74022
63547
40923
50179
77904
46256
55339
50052
79770
47821
75898
75847
47297
47097
77477
54641
78645
79110
37653
62404
76999
76794
77768
65830
79326
74020
51655
71467
70620
53517
71748
63392
72265
62080
44940
71461
68401
63641
21528
59239
73952
76546
70201
76404
31340
50549
75419
75101
51670
75254
49374
78791
50374
58251
63771
55017
44643
68980
28995
73713
61260
27201
77723
73366
70830
77391
52586
72962
73547
43577
70135
27615
47637
72407
77147
66108
54686
6098
79257
58688
43494
66718
75350
76887
77423
53320
76005
40128
70797
73175
78969
74130
74804
74853
70476
77442
72518
64865
79097
79313
68823
76100
59920
75000
51368
4823
77279
65869
79251
54886
35445
78432
62230
66532
42936
79712
72615
65590
70885
62682
68365
79939
61204
54905
65726
72296
76874
69812
65233
58830
40760
47305
76256
70854
74720
72707
65883
71018
4331
58517
76074
43816
59546
71610
70627
79491
65679
65202
68259
73987
74329
76645
49090
72862
77745
79628
66923
76912
73582
79036
54158
79295
51783
76496
31938
69064
78937
77367
59596
71243
68320
76553
71673
72833
44650
52210
76366
78802
51439
55805
24026
79165
56454
75918
79853
71526
79838
76994
52683
79272
61329
55607
74543
48496
13595
52269
62081
45977
69400
79029
69946
77168
36732
58356
71904
79087
70490
74826
65625
68535
41860
30005
33917
54265
79120
71263
61552
65660
57371
68785
73391
65307
77468
76806
52173
58857
77517
77732
51558
61797
70472
48039
40909
54616
64145
67377
78745
51144
63678
44153
69983
75876
72459
71893
67498
77247
72010
60713
46070
73309
55293
70431
66952
77627
73292
72381
78289
68700
71228
66685
32353
36721
77509
56944
60412
78383
78627
71032
76720
46323
32992
38685
65488
65225
62547
78731
67695
55734
69220
79989
72889
69529
67544
67825
55949
69802
74981
65643
78017
71507
71695
74954
54197
73329
63673
78092
70169
61926
46581
30939
48802
58233
75920
62664
51865
75323
60930
54639
70942
70037
52047
79515
75592
51007
53826
60654
76975
64770
73950
66069
62968
42322
74712
75300
75564
15042
65398
71182
73973
59014
68043
67651
75995
58238
54110
69886
55935
76398
57287
57678
38008
75445
71962
74501
69522
78968
75519
73531
7819
77670
59131
79457
74251
70519
63314
66855
67288
61346
45862
68967
22283
75914
31078
74481
73441
77503
38791
45069
61214
49845
49920
77950
25809
65845
79430
50168
75891
77807
59234
76671
5762
62518
74585
21598
45165
54109
63289
67310
54547
73816
77785
26784
75123
75646
18326
54368
75725
62430
25511
68385
60021
60162
36729
31635
47090
71519
64217
9578
62223
76384
79485
44872
32807
77576
69722
68145
74187
74027
74831
68521
52672
78599
68230
40704
52411
29445
41176
73561
64212
79281
67459
61081
28045
69227
69876
47575
66874
47149
52768
62497
66189
68996
73398
74786
38908
76397
65575
51926
53168
71272
67038
75202
53860
43484
56480
62310
39455
38751
53090
74297
71556
49612
62971
66496
17481
64990
66475
72864
29864
65813
59571
71676
68139
68396
79085
69783
75698
31509
64637
74071
60785
70418
69163
62617
43142
55661
77440
76753
64001
75580
63922
77900
77177
47448
49347
77682
79360
56400
72083
60007
76457
64798
72202
76549
62758
64474
62023
64757
77863
69035
45027
64863
64037
45681
51965
78639
70587
75302
77931
66558
52871
66136
2556
72478
68673
68757
66816
72880
78626
68845
76828
35306
29746
44471
62949
58870
63069
77702
59432
79829
79299
62901
59436
70799
69241
72686
61770
52680
76619
70782
73357
61790
77315
65910
68387
67966
58442
78935
77420
24649
67430
59427
75826
73799
53089
72918
69233
69997
57093
69322
74979
65904
63938
69631
78474
65040
73132
43992
44385
50562
72011
66609
55194
56612
69789
48157
71079
67549
48513
74371
79761
41768
61576
70313
40356
76970
49130
72389
75145
30439
22055
79440
56382
75114
72268
53690
70410
67218
68034
69075
72295
41048
75620
78024
23444
78512
44744
61752
71433
72385
71409
69933
50032
73236
27650
10740
75714
77141
78516
61202
55852
60511
78283
58734
67685
32445
79616
29997
48554
29853
79174
26541
25998
30253
68615
75882
44013
71554
70748
73476
68858
70973
54011
59673
70269
73064
76843
67397
69555
76368
76724
78716
43305
34526
20120
56383
64548
78384
67010
58749
74300
64493
78945
76813
73177
19350
79552
32315
49808
61123
67340
58784
76528
71793
75602
27699
55424
73717
71253
77286
40361
53784
63488
22142
51465
33408
50765
70867
66471
52215
57454
77817
76916
41640
69638
77611
75577
71429
78622
56055
64469
57954
60470
73359
28587
32845
61036
78642
77758
70294
74007
46124
77235
72992
73864
69150
72073
45443
65366
70006
69619
16582
61839
54498
59227
77241
74579
66418
69862
34103
73930
63195
63366
66693
61217
69999
75567
75866
66252
75642
66553
78748
68363
45899
70204
43578
58573
73681
49003
73733
57282
78767
68339
69315
76941
58900
78534
77449
37241
67597
66444
68318
79455
75625
78569
47342
53201
55568
50195
19127
46179
76461
66719
52819
65115
32420
78381
79133
30112
67157
79897
50234
44461
70546
76898
56842
62225
65025
78351
74153
76655
44834
54784
74622
60033
78127
72034
72674
56837
79353
64728
77715
52864
34844
78207
62824
56500
23796
53952
51739
73966
68454
10948
62525
74277
67061
61097
43409
65134
70043
62253
61262
75420
77718
62820
74703
61490
49412
78243
71656
67555
70107
65770
69142
77073
79261
55211
78545
79519
78538
63665
69730
63350
79487
77059
77529
29204
76704
70717
78401
71538
77966
64044
61393
73791
59950
70116
59028
78565
76071
65822
73629
2910
72197
79458
69873
63420
35833
78659
71443
52031
56398
38839
79260
71681
65555
66109
73781
54564
74278
65719
56684
61595
76217
72898
31347
78861
54910
68576
73972
68197
58919
61351
13420
78733
70396
75107
79658
77847
51768
77537
15760
58370
62716
72930
70668
75071
78631
72619
67344
59060
76899
40538
61760
73881
70645
58785
76693
76627
73920
70999
71080
64543
77506
66868
30241
43910
78418
49558
24265
71918
65470
64587
68962
78096
71271
77849
62091
62557
77436
39034
50699
44157
61786
43522
79556
64422
73998
64308
75962
73485
59241
73715
70435
68314
70434
79151
52005
75565
55016
75471
68919
62334
63203
54082
78142
78320
74865
68898
59992
63481
73314
15442
79967
70889
55106
74135
72714
74131
67871
53973
78965
68382
64507
69860
77438
52080
56488
56675
75204
79500
63065
66160
77196
39118
71456
65954
77430
33095
27816
49193
24969
78136
72008
73129
71652
65680
71269
70749
71907
74222
73845
47603
79833
79143
57263
34663
71935
70860
64905
79187
78434
52918
71381
75926
38620
76782
69598
22508
52002
79095
73644
57165
50815
56436
58698
69548
78120
42989
68088
56969
53424
74325
76563
72359
45670
78221
65588
72922
78071
79250
52841
67609
76207
62646
47443
69344
62771
61878
74718
69895
56167
57559
61671
57342
60384
77721
68150
41809
41426
63636
70130
74335
70779
72365
57639
77344
70335
73285
62910
76002
62963
73941
39209
64439
68293
76624
77159
53827
58615
49430
59021
72783
73775
62869
72476
33229
69130
70701
69122
73651
44703
45390
55503
67027
79707
65886
76374
78464
68283
62680
73096
74602
62037
78679
60387
73761
65654
55814
63060
69219
51458
73646
70348
64604
67196
73010
79416
75793
71265
64526
72350
135
28032
26056
76257
74760
73167
78898
65751
72774
72741
71998
56610
43385
75053
62695
60921
73649
78837
66169
31958
69803
72666
78592
69603
72672
44286
59137
67434
79716
25403
62242
79958
52990
51641
67167
65100
58748
38561
70031
35438
65656
79775
33290
60036
36752
69366
64369
65148
71955
66320
72804
65230
41425
41630
73744
78134
75270
51551
69592
39071
74256
22468
76550
35909
61580
68863
73351
38477
16695
60869
67315
23575
59675
59582
71744
75486
21726
77219
62923
58287
60215
53072
78335
43737
76251
68389
79157
66633
44399
76831
78488
61937
64186
76391
64371
49235
67624
52533
75950
55001
74699
36014
28007
28952
77028
63840
37801
66962
74310
25549
79282
75464
34994
62846
72671
60959
77148
74887
78202
63278
68433
72843
66249
64122
66024
74840
60836
30859
75129
57502
62974
62169
44202
73573
43973
71482
48178
59760
45242
71472
61911
44087
54066
39035
35971
79016
69554
72909
48898
66276
74793
46507
61400
58590
47309
76726
49682
75780
69131
53593
78836
74232
74123
70282
65412
78274
74426
79651
34022
79004
42500
75663
61128
59534
70132
49402
54995
62723
45517
75704
71055
57939
21197
68544
60347
70376
76414
58539
77800
70329
57599
76272
66133
79096
72650
67816
66321
52587
68419
66803
79108
71779
77589
69419
76943
68092
25774
61692
50490
70100
73642
52251
20436
69211
64932
54557
68642
79212
42414
72031
67655
73124
35282
72149
25307
58556
69197
71625
79366
72964
63809
47645
61570
58170
14406
76618
78005
78760
59880
59893
56489
57538
64887
28068
69605
45094
55929
68578
78223
39698
78365
66908
55452
50518
56433
62718
61451
79631
72169
64307
70786
34595
78436
71950
64894
69795
59128
46471
41283
61550
36680
3674
48934
72418
66775
75379
68497
63600
76656
63902
46874
63485
67017
71540
76556
55157
43111
78260
75137
73099
26724
55541
48069
75797
79815
56135
58604
76169
72535
35542
73756
76254
68624
57317
53489
70548
73877
50666
72574
60666
45237
75944
77082
43036
47890
48353
73593
79669
68254
57440
77936
70712
37353
64356
60595
77844
68693
48907
68136
68297
70218
51126
66063
42016
62708
41927
79330
59679
61293
75060
79001
53598
48674
76058
77080
72190
79766
53228
37617
27957
78200
72402
56377
69784
66165
79124
58400
67707
45380
63015
63290
50857
77739
68860
53472
78198
57683
79315
27049
77361
79916
72557
72917
69433
72963
60258
56973
75050
74121
79918
70812
68438
57405
74032
76953
38448
61428
65856
64663
64483
61964
58032
53691
63916
68301
77858
43964
33703
71113
59328
77157
72548
79694
75900
78525
77497
41195
73276
79105
62491
62138
71469
50951
75303
60687
39233
76594
69793
68485
54236
66555
69503
59674
11993
30129
59951
48067
75063
3118
76940
79203
78265
49946
73460
74061
63000
53179
78843
41121
75162
49369
76606
78902
58266
64758
27323
68828
61715
77487
36673
79189
75108
57393
79071
78502
71229
67951
79537
53516
44856
43669
71340
72409
78193
52015
71347
79516
66839
64049
73660
52295
37474
52855
29576
65987
70369
70584
77655
58720
68740
65939
65390
63091
50638
77929
14606
72648
68288
53876
66681
77986
42090
59419
71497
53572
41726
73244
69739
42607
39570
75551
78240
41698
78620
59164
29968
59288
78635
39632
71278
66107
75561
77796
71061
66243
76352
79816
78735
78505
70300
70865
60967
52233
71510
77699
58883
65609
41641
66588
11121
42707
65525
41064
65340
61270
65048
65122
56640
77383
55013
61035
44343
72567
61690
78284
57967
50283
79343
78456
79564
58142
72536
68595
67667
65301
46477
65945
73527
76584
63117
67507
62940
71527
50158
75840
79547
66695
32252
77803
62729
70391
79722
73878
68901
75277
72770
74295
37354
43706
66591
77594
75503
63948
61771
67697
49567
67080
50579
74349
35100
69468
59917
68407
77832
67536
77892
77813
61510
76884
58147
74913
76474
59265
70360
49664
74458
58089
63677
71380
52790
70983
66576
49129
72823
69663
64982
64198
58659
52870
77403
79296
67974
69767
41790
48193
64642
72465
69323
76743
67166
68517
51226
67842
71921
74781
76650
70737
36203
78949
77543
71145
76789
59098
52729
75627
51100
72877
58799
78090
77875
77926
68263
77752
63017
57228
67269
69307
59236
79081
75511
78360
64288
63110
57724
58050
48939
75413
73611
67205
67129
63785
76116
61750
76466
77318
59533
75922
66826
61549
70994
68052
75522
11538
72550
70961
72327
56764
72237
74418
78215
73145
74680
65720
77911
56812
68035
76390
71984
73633
54386
78957
79262
76640
64794
71860
73001
73304
57444
50753
76307
57817
67745
71291
37481
51171
75462
78682
78180
62469
72015
27423
74687
68476
78596
68579
38089
45033
61316
71796
57822
74478
60875
76456
73117
75451
73901
55856
74322
77482
74006
65757
58322
61485
50401
73774
35391
50137
25980
67729
58336
73618
43725
76449
73371
78308
53268
32916
69412
62038
77173
72250
78261
75617
70986
78641
75181
69380
70549
63426
74792
53361
55348
79429
68182
44839
67101
72467
65068
70317
78612
54827
47401
69486
26962
73086
79052
72361
68657
28503
36846
74885
79590
69290
70878
78375
71242
33932
61294
32463
47214
67781
21685
67388
77898
38863
37721
67286
68991
58845
66461
56529
68550
72156
65472
54034
59981
76688
70554
71752
35457
37890
66052
64433
23784
69839
64396
65037
51658
76980
75908
68592
36827
49729
75747
74871
74866
49700
77550
77784
69568
63555
65749
74964
68580
65058
47537
70523
71794
59482
73595
54933
66188
72146
63073
79653
67462
78826
33858
76047
79202
75376
47717
76412
79236
60117
61807
73694
57583
77628
75854
73464
77623
48247
79380
58854
61882
48268
39959
71411
67181
29364
79171
77896
71725
66977
74880
56648
73806
61442
17047
52812
71816
60189
77728
79620
62040
72983
79574
47084
77014
67527
76012
67723
56263
64626
14174
52686
77871
40710
74383
74578
42599
76889
76220
24196
76716
75271
77848
46550
56958
41329
77069
61818
48829
65839
79957
78499
68827
66964
36287
77504
59954
77068
73672
65530
75894
71879
49949
76723
75932
65634
74220
42098
53789
70625
73808
67127
77398
60115
23845
56782
72952
68063
51837
69321
58202
79397
41680
79524
76721
66853
63843
68775
70995
78203
77581
65820
76477
78871
54621
75963
63741
64265
79017
25306
64490
68911
63801
31987
56663
57562
51484
65623
76825
64261
55566
76066
56501
45272
36972
62794
41256
46960
35901
57254
61147
65879
71940
78334
70655
74919
41417
56707
70358
79968
64740
50616
69343
50143
73241
46398
54296
74988
72778
70794
74376
17537
50723
58505
12539
70648
75274
77253
64446
75167
72021
51098
55393
70206
70001
59630
71805
41967
56579
69665
73504
60568
71542
48675
54986
49227
57910
26086
75965
77272
72256
70256
63359
57607
67675
59820
76821
77481
67694
73179
73036
56990
42330
59786
73719
60965
72656
73365
72670
77380
64450
47158
24786
35147
52850
71899
66070
63684
73484
61108
31932
70582
78703
70491
79091
65287
68519
27572
65227
71455
78074
49541
70253
66762
77397
56401
68453
50456
77910
68472
76331
66788
46255
61308
39182
64989
73677
55475
75937
27006
55336
67428
58398
53310
75737
45804
64421
67964
52579
57784
74898
79454
71309
75939
74262
78052
77779
59250
65216
72544
76480
65321
61932
35472
53343
69079
51466
26405
70057
62580
72440
64997
78390
76291
75654
71513
75987
71930
40231
49893
75332
68345
44794
19106
60227
79702
72442
60841
1141
75986
69988
51995
74603
74747
46521
67889
59130
77880
76756
77932
74415
71462
69101
67542
59818
73912
66708
57488
66110
52896
62781
34303
27933
74610
68922
75178
64486
79273
76694
61723
46290
68362
35475
72422
78940
65810
73870
71466
56434
44338
75861
64699
47917
62802
77659
74036
73415
47625
68212
78292
47237
55772
45140
56339
68243
75810
34352
56896
67946
73993
75147
67215
68745
66965
76499
68180
74726
50343
59998
74736
32623
59104
76452
27177
68005
74817
75803
69509
51725
31297
54830
63364
42487
67194
65736
78468
74355
65005
71778
65855
62939
55068
48963
75581
55363
69222
67057
79473
78835
40006
78256
60766
76008
69890
63455
74264
65950
60645
71275
79176
74644
73071
55577
24479
71431
76601
55546
76621
77017
67743
71937
57020
69721
71640
48288
75444
44789
60399
73389
62838
63363
78710
57793
63649
62043
74640
71938
78126
66391
74249
79907
69240
22225
16413
37759
68319
73231
78524
79010
79350
73205
74710
58905
71386
75777
61370
77287
65706
78163
49662
63847
64992
76827
68586
79866
60988
24000
77683
79304
55864
58241
57035
79137
74881
71256
73989
71892
78672
75426
59652
42045
68239
77940
29612
38467
75849
71986
57498
74268
62705
78573
75054
30099
67676
51565
78832
74665
41247
58873
77710
78101
73641
69556
76712
15884
52489
62403
77997
75712
39294
53308
65947
67284
79544
71009
53207
61417
66440
50140
68720
23132
63813
47918
67168
65483
77595
54153
46845
32101
51275
60707
31416
79676
40299
67312
48487
68121
67627
75142
68938
72586
47512
68295
64595
59138
68277
56466
79191
43804
62284
74033
52830
76234
77096
72477
70138
62706
69278
78712
79448
76685
76035
76155
72658
65998
60501
79276
68747
29660
59022
60745
21448
55227
56137
69099
70440
42142
64007
54250
71909
72820
70745
71407
52138
77460
71193
75773
74302
75553
70965
44455
79975
70743
77216
60838
79113
60915
78880
78778
73342
78730
55035
71237
35204
50924
48654
26812
78769
72167
66747
78045
70509
77619
75911
59698
70733
67239
73347
64732
64366
73176
23990
78079
79211
78583
40469
61559
65743
46824
72087
79851
60739
75347
71790
78016
61445
64685
42404
75514
64236
73056
72076
60740
73426
78732
58451
53813
53206
75049
63494
55732
56486
72737
67517
75483
37557
71741
74904
69151
76182
73054
78918
59412
63059
74899
50882
48618
58567
29356
22240
69584
78644
38757
78349
66327
62188
78153
72068
71314
64488
67990
52936
38805
21029
47070
69600
79048
72831
73185
67313
43173
79738
64202
44351
57641
26698
69825
77461
71207
40387
7739
76050
61433
71180
49172
77716
71124
73588
72646
78391
49242
75399
75278
74882
49711
71491
45991
68572
62084
73234
63408
73434
64856
72727
71615
68018
55129
69772
76473
64975
54032
70798
51967
59930
78964
59792
63346
76574
72018
73437
41620
69956
77369
40368
75533
78061
60576
53849
61421
77705
70207
78156
62390
73765
54178
75613
67626
50718
4907
30354
65913
73714
72242
75980
74716
71987
54869
70714
31417
74398
64586
60559
70397
37532
53930
71964
59618
76298
56804
71981
70144
67376
52438
56059
50385
34506
77551
66720
36861
48968
66061
54698
71599
75827
68641
61467
43367
51360
70805
74290
79232
66664
76798
56230
63296
79536
65360
37560
72152
25799
76812
52886
33210
77491
59007
78058
79578
68851
48294
63360
67884
66439
58278
75472
71555
60734
67408
68305
78060
53540
72844
49006
68780
51371
73297
62027
74819
65637
75314
44965
38993
74547
74387
42475
21951
78517
58574
62016
77521
66675
54381
66383
58345
72227
43791
56745
72539
77364
32467
69208
67967
31795
47210
69878
73108
72955
65971
20650
79671
46422
73875
67102
79244
56470
8356
67841
71385
68807
76508
76428
79679
78978
70251
67610
61974
51441
79776
62001
65618
58968
20424
36610
75661
49410
79329
72837
44382
75095
78108
47423
53223
78054
72794
33668
53556
74870
26275
74920
58531
57176
32676
77645
52415
77444
59801
74288
62458
69608
48544
39491
59747
68383
79514
48492
73711
61295
70349
65319
56221
38937
56643
33086
76971
44523
79201
30538
75304
67219
24467
58424
54134
65933
63913
77874
67255
79565
52386
54807
62677
68729
79028
77245
77746
78632
71391
10365
44397
16155
75993
2340
61514
60416
56906
77122
66077
33020
61646
65006
46299
79686
63912
57569
63682
55447
68554
78236
76702
76041
75825
74788
64710
55587
66877
73193
76065
53250
75688
74229
79677
66537
55105
68023
73338
78218
46971
72332
62236
62938
60062
76090
75249
57752
75972
66926
77575
51472
48788
54028
25681
46792
57534
77861
34002
52239
63474
53509
66166
77296
63493
64457
76646
62889
32811
59493
77840
75433
79973
44841
78589
73226
45358
63322
57676
74977
39041
69621
69843
78287
51993
10068
30915
40167
67040
72793
71383
71362
60705
77810
58602
74402
53464
44772
73602
75850
78497
50454
42109
52960
32585
35242
69375
24895
56850
79489
48280
70385
79509
60574
72742
66332
71223
52064
70024
58419
72384
33952
58021
59757
71994
39761
78695
53493
64100
44585
60432
75429
26328
77938
21709
63269
78494
60945
63674
67311
66989
52958
71359
43750
65610
69228
67761
61637
78560
56933
36328
76095
75492
70834
62678
77771
63461
59676
71418
76025
62481
79650
45631
58596
65574
37912
65169
61721
48847
74504
74393
74023
78422
69374
73743
67159
66767
54148
65501
28703
79233
67535
72786
77869
46818
59827
79938
23918
48493
58833
60895
47900
41712
13495
68013
62500
48541
75909
24776
26206
69651
60794
79879
41157
48089
54894
27098
64773
64489
79274
49639
33706
72414
76992
60951
73779
79014
70061
78371
66854
30359
68533
58776
48557
26220
63191
70760
48126
77538
60655
56872
66945
23440
48324
79034
75669
65480
56458
42038
72757
74701
25104
58547
23208
65362
72572
59305
68195
47120
59604
67316
56623
72723
34913
47988
71514
70222
78582
59621
62168
72396
56594
78854
78546
59623
63149
71410
9271
65583
49942
71818
66093
48653
60851
64310
43869
35045
78053
79332
58086
59463
37318
56354
67184
54700
72377
33228
39431
51710
57870
56257
59766
54339
51930
75953
34870
15659
76772
68834
65932
71122
69915
59889
56852
77922
65631
74435
66842
78875
34300
75761
79328
71395
78675
52525
51111
48969
71401
37437
47488
55449
63671
51357
72755
78272
77029
76096
73274
56877
70767
48651
73742
48098
56815
76675
44798
73580
29722
53195
72812
55156
57558
47482
68881
79344
52635
74711
35716
61394
51169
66888
51875
61003
63243
14995
68142
66044
68012
63780
38766
70063
79966
67665
47673
46689
56329
72450
52261
69704
70736
35730
58607
74410
73795
69796
73247
36687
33983
76564
67642
63550
69565
71627
63511
50963
75647
53945
73032
72856
69333
70674
71589
73259
78454
11542
71116
73006
75064
36541
74682
79195
66185
68112
77571
49047
75402
55439
37910
37360
68742
55960
66153
46522
77089
68506
63396
54658
56936
73291
40097
74352
52139
42366
40680
78426
61615
79314
66832
64697
59362
71258
70374
66226
57448
31904
65924
57088
70624
55136
15859
74076
76380
72756
57367
72865
60797
50848
67986
74002
63507
70836
72143
71177
52545
73479
56693
64503
68676
66887
61779
77324
38310
78784
52594
79178
39046
59189
55786
79911
73287
65153
17185
73506
76740
79808
77759
69006
74511
56562
61124
76506
69047
63930
69355
14058
36873
44490
54990
79760
43422
78394
36443
36888
49234
72690
65964
46962
76019
27406
57529
62332
70869
46531
39655
66834
68971
57980
39337
67227
68610
72850
77054
69824
66649
62211
49371
66086
70338
21138
42763
79990
78195
65434
54863
74298
69225
75927
78270
59594
71953
55206
32452
77135
52557
75588
66076
65572
77743
68440
70223
64385
79998
36660
37146
58348
63850
71199
37413
63672
69008
57930
75702
75680
75834
68889
73957
22020
65902
31959
72357
75686
78415
75024
63540
64735
65611
76982
75632
76731
67077
67802
28858
77171
69928
33625
19317
75033
75467
57887
72879
72510
58098
69952
76522
75684
56928
46488
71352
59580
64577
49154
61996
66932
38648
67217
57557
78229
79475
74079
78664
74589
79148
44120
55177
58466
66180
68632
79136
60166
39720
54357
79914
61935
66789
59551
74567
66992
60805
67686
60064
79839
79279
77186
69826
59159
79287
64983
44279
79240
76060
70771
71996
40381
66525
37597
52273
79625
77649
57018
63351
67290
73345
62216
74909
44313
46458
64944
75729
63764
73332
79960
60992
73956
58906
62688
62670
70137
66075
62598
74082
44829
76153
42026
78491
50395
60099
73279
67907
69359
74124
51633
71090
44968
68631
65860
61354
36425
63148
79821
69903
72003
78172
51815
75693
78328
71961
11068
42885
69012
74942
62655
21570
68464
76422
65782
56318
74414
67815
66909
57655
34769
57323
71111
71693
43454
70505
62817
44391
67280
63115
78214
65051
64437
72977
68872
78874
77553
51530
77037
67653
49084
76804
53251
59386
26041
63464
57593
42250
50231
55817
56583
55519
71769
25945
48598
30962
72279
74990
64670
74732
73075
79977
69406
77884
75590
50073
66427
53705
55759
42523
79997
40859
67156
63728
77991
62327
3626
54532
52900
77117
71889
78605
57115
55684
73818
69123
64200
63664
66361
46859
76164
52480
79407
76842
75999
60975
69234
49853
77778
29638
68290
75893
75035
26977
64071
65248
78513
77974
55458
76202
63919
72316
77535
47986
58588
22694
79383
59414
65759
70451
57170
42783
72372
46809
75696
70417
62101
76710
74604
69386
68490
24744
58859
74468
79539
73913
77303
51661
63473
78446
59928
31031
79248
79711
52589
77696
72528
29844
71233
79399
46183
66262
61873
67919
73059
18596
19775
66246
73194
65016
52197
27825
76184
79567
52427
44208
48087
79245
51651
38920
67936
38748
75504
76362
54428
78600
40669
61890
41212
69053
46559
61645
70597
74024
50144
67491
61024
25826
56692
55671
71408
54773
77170
52643
70069
58895
69308
37775
69066
74693
59501
54951
76852
76570
57265
75318
68760
75606
50955
76373
55770
76797
70190
68529
68375
24282
77536
79364
37219
38914
70306
72342
61323
78201
56101
70263
57796
51751
63766
65057
53107
52289
47302
46920
61673
69297
31858
66947
73780
60206
60504
44980
48577
56428
52420
52914
69261
78541
63251
27486
77084
78825
69272
78369
79080
76880
53475
63742
33739
77268
42084
67349
56414
49735
35309
65746
72270
68029
70911
76151
73116
72506
76649
58248
21922
55955
76641
68538
77548
44802
79472
74491
77429
66781
68644
27441
55390
74956
59429
26772
74078
61105
67692
71390
51053
55235
66543
57596
60776
68268
75473
42242
12685
56138
73821
67458
66114
73984
32434
74521
67927
60163
76285
78725
70279
3855
70160
70843
39872
64845
51381
40196
72390
51174
77698
69771
74652
44052
75421
48343
52499
77776
63108
77870
59059
61745
28991
60799
45878
73623
74570
76396
23443
79155
44400
45034
75459
77109
73065
53193
24428
51981
19750
70421
33268
47369
38846
76185
74829
9444
41657
72773
68354
32706
79673
77459
69039
75180
34787
61404
66812
78461
55870
32580
65940
67097
41537
54667
68542
69623
69083
76859
75248
79947
48362
73293
63491
75586
69615
78736
69090
79495
69692
49289
79912
48690
79954
74372
77164
50034
56307
70998
65489
64427
70909
63807
61507
73534
72499
73045
79788
61446
54733
46777
67569
42241
75458
55939
42077
52681
50795
78035
59799
65267
59671
75182
45274
57113
50208
79058
69030
67570
76248
74102
46901
15383
48888
69346
71008
51663
44595
76347
65032
54233
57061
79217
65280
41213
33315
73752
67911
71488
77680
70287
64643
71415
62461
71459
79905
70883
43056
74594
66746
41269
69016
45025
73483
64665
64407
75603
18175
37365
72349
73562
49994
43250
51886
76259
71724
63061
69055
71021
61470
62017
64853
79153
78098
58414
30357
32193
19064
37706
74627
77281
56710
54828
62941
75677
37675
29300
70635
38413
72758
75657
73771
57099
75027
3151
76717
34149
77989
79690
76725
52088
40424
37393
71675
58262
43839
54523
47475
73520
78972
77797
54171
64704
78913
62582
70371
52968
79501
76265
42618
44427
78166
20170
54295
75736
76854
59859
71025
78851
69980
64759
67603
74915
75928
61888
41114
58090
70709
49583
68743
76659
67864
64628
44885
5328
65409
24478
36423
68690
42178
71282
79526
63758
74375
35541
61152
77524
71634
56998
78393
51630
78749
72568
58560
57472
76222
74532
52952
54270
55165
73961
40784
74286
47115
66412
56461
40334
57127
69165
61739
69967
43283
55946
60890
63293
32079
74783
45613
79286
61960
68767
70388
76669
78722
51936
54117
8001
46076
52329
66615
76507
42748
60072
68865
68149
60112
55991
72826
75951
29605
51593
72647
59099
74636
45066
72344
60906
74921
78194
75245
75343
74245
55134
40483
68635
55205
65721
69034
50303
79562
49538
49823
28214
73077
48325
49563
46565
72890
62362
70825
46656
61102
68942
60214
72436
74009
35869
69525
50123
53295
67495
52893
18155
33167
30446
64087
61994
4256
57085
72558
68913
61941
77943
48879
39979
47706
18925
49562
75134
62532
41920
79737
77150
70286
47224
46185
39151
74658
50011
75454
69376
58010
64963
52144
46954
79585
64676
19962
70900
52622
79744
59029
29805
67103
75437
78668
77408
64923
64415
36797
77130
70765
77183
68531
78254
48938
45135
37955
43163
49375
59713
9923
41225
48527
57506
22725
56262
48233
6612
74908
72798
51577
31657
77238
28199
65211
79637
46582
44767
72979
73701
75279
52230
46848
76216
71680
69507
78782
51727
67935
25922
25784
45859
45607
33375
78553
79922
76535
68652
67752
42008
6320
42937
54736
77258
59648
77990
62118
59191
74263
64221
42793
67509
77271
40304
69711
42919
67154
53603
59821
69136
73996
48443
70262
70926
47462
32307
18165
61309
67737
44260
78452
67016
52397
54112
76089
75173
46537
66713
70425
46432
54891
75923
63583
70131
79596
68814
79083
52719
67583
73312
54715
64420
58100
52142
74842
61479
47262
69818
38517
62157
78081
73199
75869
72776
72313
65378
55909
67896
30466
68779
63738
40935
67188
57497
52784
63750
68887
72019
66954
66513
75505
75691
61109
70646
56409
49911
64893
68253
79319
70117
74342
79903
72426
38056
3372
55094
78043
46829
66823
75751
47939
66137
59613
63701
73436
79554
66880
63219
39216
74042
67274
72382
44330
59349
63988
67948
78715
75794
15490
63688
65584
61372
55753
78946
71638
52135
71792
65714
62864
76636
67664
39262
62507
64184
75155
64513
64203
74978
62291
57413
67161
58806
19538
43334
69641
53727
59540
59612
56956
57704
56887
70409
79635
12103
37288
49909
73070
68340
30742
76687
31248
76826
56465
59309
40400
69741
58521
71614
43288
77139
63418
78864
61881
77809
78128
79188
74650
47095
72507
13152
76481
76425
60210
68156
73803
72676
76343
71040
64881
76682
55288
51564
76162
77223
52069
79893
68688
46568
78076
79640
78850
76115
48793
69264
65028
63126
59683
60624
71735
53429
60211
55979
70393
36973
67461
68019
28423
64228
67443
40219
51044
70517
58119
68353
68306
62065
71332
28573
76577
74030
72599
74738
39767
46743
44735
60835
43665
73092
72360
62574
35233
69681
59906
70482
68806
73600
49159
7168
46312
78441
78764
76278
62144
41230
73838
77843
50124
74359
77250
56491
72206
73541
73211
73908
57455
55003
75166
65371
67336
59919
77133
57166
67093
58148
21199
51339
73687
37292
55843
74354
64204
67572
65414
48599
72205
53390
76114
53649
23792
6762
72198
75765
71343
71170
68077
77233
66313
54836
63549
68914
75607
60963
53347
65659
46058
40527
48891
71983
73607
66328
16327
36734
65783
74212
38502
44686
74162
41981
38282
77741
79419
73420
50088
74645
78962
74255
53954
65573
49475
70232
56502
57441
59589
37231
76355
74841
65377
44183
33962
28640
54947
71420
77944
67985
79542
66510
40666
60392
69720
64814
72154
55789
71476
52941
52554
8062
68795
64935
30025
73760
61953
71244
77756
53048
60994
43338
74824
58206
63035
65453
70416
76501
60255
55023
38513
67440
78131
61854
70913
75436
68617
69259
59858
33705
67581
68316
67897
66014
76392
50922
5650
66607
36294
23646
68614
7812
48766
74451
79225
69992
37213
75369
73474
79728
69602
52198
68925
59190
47141
73327
62985
13311
68960
74536
71308
69236
65745
76597
76763
38167
61000
67037
61709
78336
58983
37534
57876
60602
56641
55493
77254
79860
79406
76673
52431
26625
49213
66396
67018
53816
73181
63437
66010
77633
70244
74070
79739
57521
53704
72460
79511
70924
71523
74538
69713
75734
67241
71424
79207
49573
59633
75081
69426
75537
70919
72827
76198
34109
77058
62139
44314
55280
73037
61068
68671
51216
70314
77231
55122
77290
50372
70016
37493
52779
6997
56690
17424
73367
69601
76465
63260
61815
48339
36818
56910
69754
74950
79724
35195
78085
43715
66636
62928
50914
76614
46999
74219
66733
59681
69517
55781
47503
68455
78403
62596
49069
77093
79317
75380
73141
58221
77136
76768
70221
68475
54150
70795
33835
74725
47953
78324
74195
58653
67953
77816
68217
47352
39496
43895
61537
79561
74785
71762
72564
65711
60497
55230
74323
71087
77387
75520
77975
50228
33032
52565
52508
74784
57912
67519
67402
58273
59584
57302
79359
73889
78770
46649
56046
57773
57119
9739
72294
71251
70583
51910
69494
77443
75001
77377
65054
71328
72958
24762
17629
77301
20136
53836
79605
34654
73551
75808
36558
64687
78728
28479
71624
67291
78121
73499
65454
58393
57906
65379
39371
76991
74412
74946
64534
75799
63898
64793
73097
73212
71654
73189
27545
66194
47664
74947
24364
56155
49166
65429
68884
79121
64312
75424
56925
78077
40440
39942
59516
72461
69657
78070
73589
75043
75945
79601
70167
64584
59898
46141
58844
64043
62884
56760
73569
79241
53497
62200
66117
77200
67751
67454
39320
60783
62470
55846
55472
68637
62498
75241
57561
48061
64327
70172
42834
62561
79575
75319
6322
36516
76771
78568
62097
68446
54124
61865
60160
70928
62709
64898
67130
53246
77591
43856
75640
72716
76482
50693
70938
25036
44946
50796
55320
66286
59238
73745
51984
37777
77867
77413
74753
74795
43140
63154
46900
59267
69580
70617
75236
64744
22502
35334
52134
71837
59161
72058
64039
49176
32484
6420
7756
56452
36967
77165
70939
31587
49815
74599
74217
54965
78579
56970
63719
56213
79310
65253
66843
79502
63211
55859
40002
33559
77625
61101
76196
45565
58775
67069
69547
69029
46863
75671
75106
49730
73267
78149
3169
74553
67104
39977
63093
74291
55166
67044
73091
64249
63646
57196
70258
76738
60617
69387
66431
63640
79073
40039
25242
26807
75255
26861
79224
74052
60473
66901
74250
76171
46605
51002
37259
62364
55683
58230
70330
54370
36179
69015
64102
70267
62359
73554
54172
18976
65519
74505
57102
78007
36497
70964
64013
69921
58381
77478
79090
78755
66550
73101
73837
67560
79638
63716
57820
77373
79506
64640
77830
76709
21097
63789
73785
67261
75933
77968
46448
72902
73021
75161
71534
61913
62605
42699
39466
78345
62438
56448
21303
78315
66949
78484
43735
56657
79438
74970
30948
33650
75554
55986
54274
70933
50062
69377
73689
73102
25308
77675
59477
46388
44564
42162
72126
28051
73844
53877
38835
52750
38367
64948
75346
58314
64775
73662
51869
33441
17618
61432
68372
72610
73709
40077
38192
60404
78799
12394
76325
28066
58551
69194
56492
18620
71922
74539
68428
79774
30745
77428
26167
46638
33526
41140
75633
54324
62577
77568
66763
54610
44232
34361
74774
32622
72024
47442
73703
77275
77500
72552
73965
47410
65547
60553
74830
58702
69180
73830
65063
47592
70788
457
73558
56068
10877
76194
78359
37391
35594
76981
76840
67210
69693
78727
75832
68287
53935
79065
65891
51907
76085
56094
46665
56413
74132
30070
53834
69273
79060
61132
79639
55803
70971
73902
40748
37902
45011
39931
65020
45110
54638
56404
76722
73014
71763
50890
39615
73585
44324
56730
72721
75806
52630
78522
71212
47802
71045
61608
38446
78204
60859
48567
69409
65942
62926
55372
32797
21544
51780
58766
79926
54085
75411
54232
75030
50166
76040
76319
40841
44526
56028
72680
74073
40808
75491
58482
33102
55892
52022
64453
65664
37882
35676
75487
73201
60873
75841
65973
62899
73999
53038
79471
65188
41663
74833
74420
38079
75527
64701
45919
49080
55103
72801
63169
37261
36199
36460
60847
75340
67368
50493
70370
49300
77703
50587
32026
75969
66817
77214
73755
53712
71732
46821
4464
31358
65055
68988
76658
61977
46403
69832
79480
73767
19941
21697
68954
75154
76700
39457
78271
66910
53916
75242
73789
41505
63250
60883
56346
51110
48753
75405
78795
63052
45372
52648
42284
77951
79424
53293
64712
77204
70121
54099
71334
78914
60452
3756
61465
31613
78868
71988
3758
26125
78155
65428
44354
58211
26697
69372
63468
69341
44919
61216
78768
34580
71348
71118
65385
67383
77656
77658
78905
32267
1812
28740
50886
57110
76978
79386
43239
63713
65768
38779
77961
62799
66476
65143
70295
51239
39025
73904
60337
65298
49299
76625
64270
77695
66533
59884
53056
79185
44084
61677
40380
37743
67785
68251
65334
74606
59885
72443
74875
47597
78955
78811
69179
56177
36601
65492
38067
57574
46849
64639
49274
66304
44765
78882
69717
18161
42756
71592
71102
66864
70962
67595
37167
73841
31131
79374
55039
62008
73440
78059
45161
55330
55317
74549
76816
57069
60086
74975
46274
74668
69438
78518
74838
73922
63010
69209
43304
69513
78860
71342
47863
73822
30913
78143
57570
49320
76948
74109
78123
14857
78985
79582
35620
62836
45848
32179
69585
58634
65536
79345
47223
78963
73903
51156
78629
60493
76706
77154
43262
68190
