15001
0
11
29
41
19
73
22
926
164
23
40
89
182
340
169
28
269
45
197
37
65
613
285
775
180
60
1037
633
168
366
184
152
282
1142
574
248
503
221
313
554
154
273
181
304
534
1005
276
476
329
453
358
561
549
571
135
1184
3822
864
330
178
1036
294
918
850
451
229
35
778
916
352
1085
216
830
505
845
403
445
348
1519
183
748
486
1073
1768
583
1755
996
2017
1296
430
2203
705
1200
869
610
305
444
1249
459
1173
300
416
779
681
1129
956
487
569
3104
555
1138
722
1460
985
612
1420
842
1516
230
2502
1033
596
1361
1323
2567
853
1415
1277
700
2127
1059
75
1101
1117
765
1154
766
1098
1554
1828
370
696
4
1233
1007
1094
1373
204
2195
1292
509
2372
1429
1301
1018
862
1904
896
1061
682
1934
2355
1559
2008
986
514
1427
1707
1655
676
2241
818
1434
1742
746
2016
1243
1674
789
2051
527
1454
2216
1225
1314
2497
1144
1457
881
1247
1796
1268
2031
821
1801
1611
235
960
2042
1474
1388
2057
1453
1647
704
2133
982
1512
1346
1704
1509
2036
1202
807
1987
1496
2597
1439
1162
2065
1174
1735
1175
925
2575
1100
1739
1256
2055
1452
1700
1931
948
2341
1798
1635
1495
1478
1075
1650
1274
1057
2763
1682
3411
2574
1254
1876
1886
2614
1137
3507
751
2762
1913
1459
1541
2251
1955
2079
1665
2069
3463
2169
1929
1963
1409
3457
1290
2066
2173
2185
2218
2070
1565
2196
2138
2072
2091
2011
1762
1521
1628
2649
1869
2187
1672
2181
2152
2834
2047
9198
2452
2246
2319
2403
2462
1182
1332
2026
2041
1651
3067
3117
1289
2426
1360
2367
683
2466
1260
2794
1845
1676
878
2273
2463
2308
1524
2611
959
1169
3232
1747
1706
3714
2165
2157
2892
2321
2532
2580
2059
2707
2561
1905
2783
1790
5156
2004
2581
2737
2199
3512
2938
2149
2450
3256
989
2190
2791
2114
2512
2511
2553
2993
2422
1980
2862
2090
2608
2039
3084
2161
2941
2652
2493
1879
2342
2746
2966
2349
2899
2582
2409
2692
2767
2788
1551
3301
2947
2477
2960
2479
2765
3087
2075
4012
2428
4396
2427
4264
2209
3109
2817
2955
2515
3189
1264
2988
3655
3055
3102
3255
2926
2948
3479
2395
2781
3460
3238
3017
2587
1968
3919
4312
2505
2769
2339
3341
124
3662
2787
2300
3318
1874
3673
2900
3215
2958
5080
3509
3605
2596
3170
3056
4320
2705
2510
3219
2600
2602
2850
4000
2654
3736
2968
3369
3317
5482
2965
2716
2847
3202
3972
3042
2848
3378
3429
2607
4426
3672
2729
4127
4269
2857
3522
4003
3761
3774
2448
3389
3126
3205
3836
3417
3844
3310
3179
3442
3592
3453
4254
2389
3095
4147
4028
3113
4706
3484
2492
5077
4068
3483
3401
3197
4058
3808
3853
3336
2821
5772
3020
4863
4167
3062
4101
4006
3937
2688
6624
3622
3921
3553
3897
1923
7617
3712
3745
3953
4009
3384
3954
4401
3339
6727
3492
2559
4070
3527
4202
4110
4497
3513
4732
4625
4057
4298
3623
4577
3755
4440
5037
5131
4220
4227
3978
4715
4004
4994
5924
4867
4014
4476
2248
7951
4166
4103
4428
5358
4934
2978
5084
3424
5454
1725
6040
3989
6383
4105
5100
4041
3263
5155
4080
7448
4902
4237
4999
4375
4726
3686
5276
3270
4557
2753
4948
4556
5044
3427
4020
6219
4526
4821
4969
4834
4192
4252
4255
4739
3538
4813
4846
4372
4290
4848
4615
6302
5058
4637
5001
5579
4379
4771
4887
5088
5725
3701
5364
5648
3938
5677
2986
8159
4162
3983
4595
4332
4613
5889
3302
9704
3923
4539
4582
4682
5629
5260
4882
4616
5272
4508
6401
3657
4066
3705
5623
4641
4152
5193
3826
5683
4986
5192
5787
5701
4841
4976
5034
5262
4574
5371
3031
6111
4839
4874
5741
3925
5964
4412
3856
6205
5417
4824
6728
4443
7013
5235
4594
6731
4665
5325
5466
5146
3922
9830
5644
5087
5176
5761
4961
5104
5653
5608
5888
4851
5737
5199
5397
5116
5811
5158
5465
5556
5721
6609
3667
7080
4872
5843
4993
6311
5373
4786
5388
5818
5977
6297
5688
5973
5180
4721
4727
5528
5250
6092
6166
4940
4674
6184
5440
5004
5868
5025
5520
6493
5950
5961
5916
4608
4805
6576
3214
7536
4611
3545
9046
4977
11932
5137
6310
4267
6354
5488
5837
6479
5030
6308
5789
5230
6874
5468
7187
5352
6869
6291
5607
5863
6470
4763
6694
5379
5758
5849
2207
6320
6006
4796
6033
5505
5565
6914
6016
6484
6084
6703
5808
6089
4465
7422
5807
5994
3594
1515
15032
5988
6397
5974
6934
5936
5765
7048
6113
5878
6023
6181
6500
4196
7551
6424
6264
6721
6905
5106
6505
4344
6307
6127
5245
6601
6857
556
6724
5570
6357
6246
7023
6050
6405
6637
6852
6475
6193
6777
6646
6207
6903
5584
7115
6154
6866
7043
6217
5411
7473
5185
5694
6970
5164
7093
6404
5955
6715
7449
6782
6216
6662
6306
5865
6317
6607
6612
6880
5993
6737
6145
6981
6627
7120
7365
6435
5665
7415
6345
7762
7118
6883
6463
7462
6831
7294
7061
5124
7490
6244
6780
5831
12203
6332
8028
6329
7638
7232
6842
6977
7276
6689
6102
8156
343
11741
6170
7675
6784
7544
6846
7255
6598
6487
7879
7060
6137
8049
7074
7096
6579
7263
7225
7444
7098
7026
5086
7932
6825
6751
7809
6292
7872
5336
7998
7018
6965
7493
6711
7956
6531
8038
7760
7390
8035
6807
8762
7757
7776
7311
7045
7783
7496
6873
7887
6384
7573
8464
7619
7108
7898
7290
7625
8011
7614
7132
7828
7814
7602
7117
7537
6692
12239
6265
7559
7885
7655
7805
6890
7245
5273
7678
7671
6545
7398
9133
7826
7510
2210
12653
7832
6553
8820
7322
7707
7988
8386
7780
7897
7541
7943
6910
9057
6642
7424
7971
8012
6763
8031
7015
7903
7745
7700
8029
6655
7066
7838
7331
7695
7974
7269
7377
8474
6795
8088
8986
7597
8671
8169
7138
7557
7712
8059
7880
7407
8579
8065
8154
7798
8223
6993
8427
9099
1690
9535
7907
7734
8079
7953
7135
7140
9620
8094
7494
9320
8213
8017
8003
5603
7940
8064
7858
7278
8300
8548
8294
5046
10134
6044
8554
8122
5232
8764
7904
8218
8413
7247
13112
8118
7852
8275
7967
8143
8253
6283
7724
7517
7224
7929
8106
8445
8149
7234
9538
8466
8533
8648
8365
9241
2772
11340
8347
8222
8975
8225
8358
8111
8796
9660
8520
6644
10926
8436
8484
3629
10638
7947
8005
8898
8086
9600
8567
8537
9009
8477
9061
8582
8609
7975
8610
8507
7605
7999
9237
8456
8328
8749
9299
8260
8221
11033
7624
9375
8166
8982
9556
7217
8146
9842
8207
8964
8663
8104
9121
8900
8781
8257
8081
9328
4118
13700
9038
8171
9492
5332
11280
7268
9906
9219
8835
8140
9146
8511
8411
9117
8601
8272
8027
6426
9712
9416
8812
8234
8600
10026
8782
8821
9091
3743
12554
8544
8630
10057
8399
9404
9045
9082
8020
9118
18222
8461
10864
8761
9376
9071
9140
8892
9979
15086
8752
8250
8513
9263
9348
8642
7029
8559
9056
10332
9419
9131
10071
8848
9088
8376
10608
8880
8561
9291
8959
9157
8643
8972
9422
9137
9044
8646
9749
9377
9495
9828
9469
9463
9309
9372
7253
13466
9389
9725
8687
9750
9570
9029
10050
7272
9864
8495
9779
8974
8698
10087
9217
9909
8147
9239
9065
8939
10296
9215
9701
9555
10245
9242
9369
9270
10609
8717
9552
9857
9481
9623
10145
9748
9575
8911
10316
10155
10669
6758
10324
9787
10054
10099
9313
9970
10298
8678
10017
9284
9399
10395
9982
9254
9480
10279
9527
9987
9486
9300
10256
9418
10381
9147
10404
10149
9868
10323
10362
9848
10372
9990
9663
10752
9561
10230
9520
10525
9658
9930
8937
11328
10824
9932
9525
9967
8160
8750
10698
10171
9267
12622
9729
10322
9578
9936
10371
9628
10107
9773
10649
9305
11344
10374
9917
11693
9629
10997
10161
9956
10500
9655
11363
9941
10409
10733
10329
9211
9995
9641
10519
10331
10915
10194
10681
10068
10137
10526
10545
10738
9451
10291
8517
13518
9961
10731
9395
11039
9607
10765
10281
9893
10246
10932
10420
11392
10624
11246
11021
10782
11224
10411
10713
9875
10535
10424
10636
9948
12174
10206
10740
10394
11049
10416
10603
11302
10648
10742
11331
10358
10554
12526
10403
9619
10992
11003
9545
10757
10221
10784
10888
11295
11026
10816
11114
9874
11289
10788
11859
11262
11287
10634
10582
10659
10774
10223
11132
10677
11320
11548
10990
11076
10607
11048
11137
10691
10791
10914
10935
10869
9423
11451
11178
12919
10863
10447
11298
12557
10737
11866
11299
11457
11157
11013
14089
10959
9539
10984
7563
10529
12579
10825
12267
11270
11934
10952
11480
9464
11640
11105
11874
10673
11058
11539
11134
11251
11598
12163
12171
11034
11608
12336
11695
11429
1877
12462
11414
11000
11009
11516
11435
11375
11314
11789
11087
11277
11190
11948
11106
12956
8502
11705
10478
11477
13798
11333
12228
11755
11191
11570
12028
11426
11953
12347
12003
11181
11501
11268
12760
13931
10948
13085
11614
8806
12399
11847
12048
10947
13460
10982
12338
11293
11629
11707
12818
10836
11579
12258
11010
8419
13083
7666
12882
10705
10724
12401
12509
11447
11896
12016
11929
11336
13210
10940
13939
10481
12887
11733
11747
10912
12461
11560
11650
11905
11999
11263
11930
13246
11753
12257
12936
13624
11927
11985
11991
12036
11334
13201
11535
13215
11643
12409
11567
11870
11831
11828
12222
11694
11325
13359
12572
12590
11584
11968
12420
12234
11670
12543
11189
12581
12202
13228
10387
13375
11517
11232
12730
11909
11758
12382
13002
11017
12712
12020
12463
12427
12972
10823
12865
11323
12594
14066
12051
12362
11220
12052
13063
13365
12375
13685
12606
11781
12608
12156
12260
12303
12030
14285
9443
14465
12021
12797
11528
12821
12364
13102
12720
12686
12700
13183
12753
15896
12644
12983
11865
12389
12789
12823
12155
13634
11776
12846
12380
14474
12561
12696
8308
12780
12680
12601
13189
11085
13435
12330
12369
12553
12519
12564
13569
12219
11272
13861
12087
11507
13469
12713
12037
12898
13452
12939
12655
13490
12914
9400
16620
13281
12863
14064
12728
12650
12317
13499
12661
11818
13236
13521
13113
12878
11153
16608
13091
12997
11607
13173
11883
13571
13402
13089
11894
16935
13132
13389
13348
13385
13628
11213
14128
12704
13298
13198
13035
13412
12931
13497
12935
13443
13480
10726
14158
13472
13768
13554
13278
13899
12086
13606
12843
13621
13044
13433
13633
12820
12769
13767
13241
12977
13879
13314
13351
11993
12757
13270
12130
14329
13668
13828
8929
15988
13728
12649
13772
13940
13064
14979
12830
13704
12505
12047
13745
13583
13309
13592
16607
13582
12764
18632
13999
13188
13990
13994
13144
13676
13642
11317
14017
11311
14454
13905
13541
14755
13277
14764
12974
12571
13409
13360
13705
13479
13757
13405
14142
12848
15133
14160
13397
13665
11378
13895
12976
14123
11518
19143
13738
14166
13483
13329
9711
18124
13639
13878
13663
13815
13207
12945
15898
13629
14289
14040
14240
13025
14449
12694
13868
13622
14220
13758
13893
6997
18765
13853
13415
13287
15468
10384
21834
11808
14799
13448
13987
14227
15567
14134
13712
13181
15498
14377
13720
13963
15551
13303
14835
13382
14104
13761
14389
13566
13289
15137
12719
12500
16594
13229
15585
12095
15227
14349
13760
13950
14466
13747
14342
14159
12670
14598
12620
14681
13790
14363
14442
14317
14436
14846
13036
14402
14016
14707
14255
12836
14977
14401
13915
13280
15504
13358
14508
14495
13806
14422
14588
14063
13901
14921
14346
14280
12930
16511
16519
13934
14502
14050
15236
15540
14969
12183
13719
21174
12957
15183
13610
14340
15299
14476
14913
14174
13661
14949
15021
14286
14803
14845
13865
14585
14862
13516
14919
13834
14551
14742
15096
14394
13886
14615
14589
15478
14250
14684
15750
13799
14418
14656
13740
15165
14576
14409
14193
14366
14612
14122
15796
14483
14391
15198
15120
15570
14657
14521
14963
14627
15167
14553
14954
14536
15129
14568
14297
16525
14111
16182
13403
15054
15047
14690
16226
14807
14719
14767
12979
15217
14540
14999
15022
13876
14962
14945
14678
16945
14487
15307
14985
16431
15012
14602
14631
15554
14591
16342
13056
14705
14876
14680
14633
15093
15063
14505
14744
15069
14375
14045
16240
14392
15763
14113
15077
17038
13283
16463
14526
15059
15001
15591
15250
15229
14696
16426
16742
15260
15254
15040
14023
13560
16875
15141
15450
15189
15105
13252
16289
15537
15328
15617
15350
15545
16748
15177
15697
15301
15465
15315
15586
15809
14603
16745
16890
15215
15819
15448
15656
15965
15452
15998
16089
15310
16092
15131
14605
19673
16068
15564
13027
15353
16313
15853
15541
14699
15805
15099
16095
15693
14434
17070
15516
15625
14874
16932
16146
15149
16903
14407
16663
14549
16970
11972
17209
15321
15308
15359
15399
16952
16929
15994
13084
16535
17109
14750
18378
15548
14813
16856
15319
16382
15622
14726
15704
16659
16731
15379
16817
15566
16449
15573
14484
17610
15423
15419
17410
15628
17080
15463
16877
15633
16862
15670
15474
15431
17306
16396
15772
14042
16554
16300
16821
16642
15613
17262
12967
19547
15514
16123
15941
16124
13138
16812
16368
15820
17220
14559
18520
17545
15958
20310
14706
15723
16481
15904
15695
16757
16796
16058
16319
16541
16715
16169
15193
16889
15430
15292
15765
15832
16738
16189
16212
18342
15706
16085
16653
16150
16305
16625
17034
17488
16038
16976
16429
17060
16460
16786
15384
16559
17492
16654
15645
16874
15344
19589
16094
17042
17071
15799
14087
20449
16257
16853
17898
16395
16026
16601
16584
16310
17013
16264
17210
16754
16909
16458
15739
17633
17892
16504
16593
16701
17052
14644
20718
17123
16369
17542
15336
17322
16493
17535
16893
16675
16301
15703
17253
17089
16040
17499
16585
17376
16610
16922
17373
16940
16590
14986
18001
12784
22477
17101
17146
16733
18041
16478
17122
15724
17460
18522
17086
17748
16553
17520
15391
17107
17675
17159
17556
16854
17938
16578
17040
17630
18317
15710
16386
18105
18138
16747
17753
18038
17428
18711
17270
17021
17142
17164
17631
16815
18241
15881
16401
17321
16372
17713
14323
17927
17505
16530
17283
17181
17503
17551
17294
17935
16749
18144
16699
18760
17879
17323
17665
17474
17751
16897
17899
17953
17441
17075
16700
18866
15562
18928
17249
17203
17544
17888
17281
16588
17073
18675
17877
16543
17962
19683
16299
17609
17812
17338
17200
18536
18930
18121
17127
18880
19359
17461
19346
16824
18164
17706
17084
18005
13731
18421
17467
19767
17370
17797
18004
17667
18203
18057
17091
18156
17949
18175
17676
17761
17243
18083
17327
17345
17596
17734
18075
12107
21303
15983
19976
16941
17893
18464
15119
19834
17608
17361
18373
18566
18541
18096
16627
19866
17943
17430
16713
19309
18583
18024
18511
18130
17009
18071
18405
18442
18189
18152
18461
18264
16938
18867
13924
19550
19536
20591
18620
18678
18515
18157
18204
20503
17707
18784
19900
17709
19056
11743
18663
18803
18827
19321
18544
17584
18878
18907
18574
18158
18457
18934
18892
16410
19674
15509
21391
16456
20565
17275
19301
18114
18661
18889
18416
19752
20248
17718
17881
18773
18839
17392
17236
21555
18431
18768
16637
22297
18560
18177
20115
18939
18789
16781
19313
19072
18854
17697
16148
19285
16718
18617
18744
18414
18371
19101
18795
18871
18757
23359
18471
19096
18473
16771
19525
18003
20681
17014
20587
16995
19780
17593
21622
18078
18998
17788
17432
19447
19620
18921
15519
19974
17291
19408
18552
19035
19201
18512
18353
21000
19134
21073
19086
19088
19100
19575
17737
18960
19634
20296
16376
19224
19018
19066
19025
19253
18955
18493
19368
19666
18887
19250
20065
18297
19169
19267
19361
16981
20794
17714
17514
18869
18903
18782
19076
19184
19146
15803
18977
19739
19080
18983
18918
19038
19695
18771
20316
17099
22527
18151
19195
19734
15867
24147
19029
19455
19884
19164
18801
20142
18444
19014
20273
19845
17479
21205
18290
19599
19187
19395
18572
19930
19681
19680
19453
14996
22112
18942
23370
19682
19725
18283
42616
18517
19546
19712
19420
19061
18060
23418
21297
19978
20287
20312
18345
20586
19158
19883
18769
19542
20279
19659
19933
19738
19806
19094
24356
18823
19946
15923
19397
19643
19793
19722
19837
20479
20471
20101
20006
18359
19823
19973
19190
19951
19818
19534
20025
19390
19710
21198
19104
20823
18269
20632
19881
19257
19772
20429
18793
22859
19537
19021
20056
19736
19048
20473
18970
20649
20075
19809
20407
16811
19484
21224
19696
20773
19741
19855
21261
19899
19805
19704
18736
20490
19904
20005
20321
19790
19922
20852
19340
22083
19924
19888
20294
21057
17268
24249
19969
19991
20017
19770
20009
20799
20453
20001
19611
20292
20954
20062
19914
21015
19876
20994
19960
20502
21208
19445
21892
19097
20349
20217
19782
20971
19515
21655
19777
19497
20291
17359
20912
20361
19353
22660
19889
20061
18073
21989
19510
20551
20106
20043
21496
20228
20525
20452
18182
22935
20574
20573
20064
19995
20132
21292
18019
20952
22303
20057
27185
21382
19012
20676
20710
20819
20544
20764
20011
16120
20022
20893
20209
20844
20597
20079
21674
20436
20832
17295
21033
20384
20981
21130
20744
21013
19966
20181
20818
21361
20438
21023
20354
21475
21828
20561
20849
21106
20144
21513
20556
21081
20485
20932
19812
19887
20611
21278
20701
19142
22809
20949
20683
20654
21646
20603
21280
20873
21469
20829
20723
20809
21042
20682
20000
21223
21248
20280
22982
21006
20839
21115
20853
23401
20978
21094
21436
21680
21308
21598
21005
22054
21128
22955
21747
19531
21758
21134
21482
22169
20640
21454
21201
20845
21575
20783
21539
21070
23278
21244
21572
21312
21495
20828
22082
21138
21704
20779
25859
22084
21160
22261
20996
21613
21581
20841
21925
20606
22601
22283
19208
21135
24772
21213
23719
21667
21857
21522
21032
21386
21327
21877
21389
21973
20706
24034
20817
22004
21625
21665
24867
19311
22438
21783
21561
21752
21760
21975
21707
21671
21885
22196
22091
22135
22632
21183
22969
22159
21526
22806
21510
23162
20772
22255
22401
21893
23097
21589
23603
21441
21681
23108
20985
22110
21068
22472
21763
22478
22880
21804
21882
21984
22075
22063
21910
22252
22058
22014
22333
21771
21142
22302
22765
22422
22323
22598
23073
21983
22529
22259
22565
19302
23347
22003
22727
21051
22319
24157
21487
24884
22463
22241
22671
22090
20599
24806
21711
23429
21236
22870
21705
22977
21431
22109
22314
23220
23648
22784
22939
22150
22657
22119
23245
22076
19584
22740
22388
22260
22403
23463
22311
23082
22199
22979
23148
22548
22791
22231
22351
22738
23121
23449
22191
23834
22649
22895
22772
21670
23254
21492
22528
22786
18923
25014
23192
22861
23328
22851
22981
22840
22392
22654
22681
23031
23367
23465
20053
22702
23285
22456
23978
23377
22394
22209
23971
22577
22973
21380
23209
22889
23207
23392
23001
21669
25010
21820
24413
22498
23771
23564
23277
22853
23176
22798
23223
23228
23511
23614
22606
25755
22487
26056
22822
22994
22009
22910
17397
25547
21686
24973
21888
23685
22940
23745
23633
23316
22878
23677
22706
23345
21093
23980
23292
23295
19792
24261
22807
23482
23283
23585
23541
22622
22619
24513
23444
23268
23266
23817
22877
22956
23893
24308
22898
24676
22459
23412
22746
23737
23777
23327
22766
24279
22883
24008
21443
23715
21537
23535
23460
23088
23865
24459
23399
23611
23848
23396
23673
23709
22240
27025
23486
23598
23739
23306
23044
24367
23798
22457
30529
24532
23504
23721
23901
23688
23208
24982
23965
23693
23912
23783
24615
24584
23033
23840
23734
23705
23528
23838
23765
24580
23917
24035
23998
23455
24241
24019
24651
23687
25205
23140
25787
23824
24516
25056
23842
24052
23894
23668
25279
23476
26162
23690
23642
24086
23728
24687
24207
24365
24968
24321
24302
23849
24425
20021
25173
22692
24934
23281
25050
24420
25208
24346
23916
23927
24576
24124
26531
23617
24149
23206
23950
24203
23966
25464
24414
24406
24137
25088
24720
24567
23651
24681
24046
24215
24763
23944
24556
24165
24390
24561
23116
24388
23596
24355
24645
23785
24915
24657
12475
25162
25581
20126
26572
23260
25083
24185
25135
23741
23831
24303
24098
24450
23311
24568
24336
24348
23524
24479
24715
21190
24536
25069
24106
24579
24792
24443
24493
19492
25114
24748
23957
24387
24737
23387
26852
23937
25599
24732
23565
25175
25448
23702
25985
24244
24929
24447
25157
24533
25166
24431
24769
25082
24060
25597
24309
25171
24728
23790
25188
25413
25179
24784
24625
24965
24433
24564
25924
25836
25093
23496
25527
24269
26750
23151
26216
25236
24825
25530
25347
24630
25198
25296
24366
26176
24782
24211
25617
25190
24770
25420
25140
24864
24512
26873
25025
24722
25063
24798
24117
25516
25125
25446
25441
25333
25485
25271
25168
25445
21648
27124
24862
25806
21058
26206
25692
25463
24457
25732
24822
25092
26071
24334
26374
23905
25475
25662
24170
24553
25182
25451
25210
25567
25655
21082
25735
25380
25550
25421
25696
25979
24773
25952
25328
25363
25936
26515
25983
24391
25591
26807
25579
26282
25601
24392
25946
25665
25261
26097
26305
24710
25149
26617
25628
26145
25686
25743
23994
25788
23644
27966
25741
26317
25385
26402
25356
26364
25155
25839
25285
26392
25928
25698
26523
25957
25607
26029
24836
27940
24727
28637
24809
25703
26138
24380
26673
26270
26472
25795
26556
25094
26032
25733
25539
26213
26542
26646
26042
26260
25813
24273
26672
26196
27245
25434
26590
25808
26012
25216
26933
25856
26437
25760
27064
25281
26944
25679
27520
25449
26359
26253
25207
27134
26059
25962
26631
26532
26502
26010
26118
26002
26559
26412
25447
26585
26281
26582
26551
26064
27156
25853
26599
26122
27339
25935
25975
26451
26543
25005
26598
26290
26850
26080
26949
25749
26726
25882
26856
24880
26794
26462
27316
26584
27373
27139
27413
26332
27600
26456
26600
26938
26811
27117
26562
26751
26968
27516
26098
26574
26647
25362
27188
26545
25965
28050
26747
27111
27424
26650
27201
27692
26569
26689
27123
24080
27938
24860
27340
27281
26623
27328
27615
26714
26690
31119
27121
26299
26687
26697
26101
26736
26314
29469
25351
25667
27011
27093
26821
25916
27112
27249
26417
26836
29664
27142
28008
26702
27284
27013
26000
26548
27746
26923
25715
29317
27514
27305
27533
27684
26778
26436
29069
26422
26960
26460
26817
26737
27779
27358
27774
24967
27941
27329
25967
27964
26947
25762
28115
26578
27605
26898
27263
27020
28071
27210
27324
26762
27659
27436
26904
27238
28103
26840
28634
27586
27542
29107
27460
27381
27083
28298
24812
30415
26930
28543
27949
27127
27099
28043
28780
26017
27942
28066
27904
26824
28469
26861
27837
27788
28492
27802
27414
26818
28550
28268
26588
26730
27828
27818
29072
27660
27955
28064
27970
27778
27270
27776
27664
28015
28001
27230
28596
27493
27822
28069
28315
28163
26475
28754
27558
27433
28560
29400
27135
27878
27401
28857
28418
28267
28431
27322
28240
28878
27159
27758
27918
28526
27461
28442
28576
27924
26860
27951
28200
28122
28445
27118
25248
27901
28628
30123
28528
27795
27607
26771
28120
28028
27980
28476
27945
27459
29411
27877
28588
28187
27950
29016
28157
28303
28221
27537
26703
29506
26936
27953
27101
28409
27074
30110
28667
28691
28374
27536
27255
27967
28058
27914
28723
28286
28405
28727
28411
28063
28282
28449
28601
27651
27952
28027
29106
29804
27685
28416
28423
28546
28642
27285
28612
27683
29786
26883
30045
28548
28701
29409
28349
28537
28304
29906
28591
28870
28563
29845
28421
28951
28775
28484
28849
27374
28948
29062
25664
29647
28259
18140
34642
29010
26298
29362
29487
28488
28879
27880
29544
29678
29754
28913
28116
29828
28787
29008
27790
29056
28190
29195
29228
28985
28517
27152
29573
28999
28774
28959
28216
29517
27266
27565
28786
29242
26179
29223
28668
29028
28471
28615
29307
28681
29888
29367
27972
29054
28796
29622
28719
29076
29273
28232
31656
29277
29321
28772
29646
28960
28466
30028
28829
28905
28508
33453
28531
36228
28011
28821
30019
27577
30978
28195
30582
29388
29022
29446
29791
26129
30482
29368
29774
24592
29319
30673
29214
29473
29419
29881
28840
28952
28663
28428
31582
28811
28915
29292
29157
29540
28164
29215
29833
29089
30242
28673
29227
30979
29414
29848
29538
29335
28793
21970
30533
29190
28495
30238
29324
29115
29509
29204
29354
30157
29152
29298
29599
28266
30266
28683
29180
29135
30560
27943
29337
30272
28444
29251
30622
29604
29778
29218
28364
29299
29644
30940
29818
29452
26983
31741
28375
30586
26018
31095
29346
30233
29417
34178
30121
30550
29410
28740
30254
29650
29887
28225
30460
30088
29465
30069
29561
30908
29719
30462
29262
29792
28641
30354
28794
29989
29548
30524
29140
29173
28892
31023
29758
29451
29928
29969
30618
30066
30050
29345
30682
29912
28712
33428
29138
30287
28618
30689
30138
30322
31061
29760
29681
42488
29424
31072
31037
29763
31622
29787
29913
30080
31064
30301
26882
30544
30093
30188
30666
26943
31909
29958
31317
29846
29883
28297
31219
30827
27652
29232
29658
30024
31170
29669
30675
29872
31477
28887
33374
29985
30475
30862
25955
33846
27246
31898
30162
30380
29612
28627
32710
30215
24952
31276
31314
30803
30170
31532
30176
28490
30588
30337
31158
31238
30528
30863
30479
30174
29423
30199
31554
30599
31025
30280
30663
29642
31854
29902
31245
30059
31594
30976
30075
31649
30151
30461
31206
23419
37427
30764
30474
30968
29885
30762
31161
28417
31476
31196
29869
32180
30409
30849
30623
30208
31082
31028
30710
30198
29866
27146
31215
31034
32051
30002
35446
30535
31446
30439
32072
30390
30983
32188
30079
32234
30589
28736
31792
31639
30569
31071
31809
30662
31189
30217
31115
29219
28296
30970
31308
31257
30405
30990
31287
28352
36492
31178
31989
29569
34084
30177
30621
31169
30406
29953
30265
30244
30654
28899
31542
30502
30608
31541
31571
31209
31008
30592
25406
32850
31452
30190
31826
31874
31736
30992
30113
31352
31471
31654
33134
30536
30837
29493
32055
30733
30889
31344
31124
31193
31377
30845
31129
32002
31425
31230
30835
33542
31573
31410
30936
32548
31279
29910
31599
31577
31063
30873
32352
32552
31437
31148
30338
32540
31731
30801
31722
31093
31296
32198
30946
34189
31333
31657
30574
31991
31227
31166
31798
30016
35160
31993
31423
31662
31513
32196
29210
31929
31130
31147
31608
30564
31774
30491
33587
31928
31246
31445
31883
32141
31681
31103
32038
31177
31714
31216
31528
31416
31843
31172
31678
31392
31552
31885
31493
31723
32484
32676
31916
32997
31765
18064
32327
31087
33034
31422
31851
30716
32063
32100
32744
30590
36004
31967
31512
31918
31091
35026
31821
32719
32052
32541
32375
32655
31683
31595
32092
31812
32826
32294
31699
33674
31083
32592
31828
30602
32233
31759
31604
32549
31153
32573
32035
31959
31820
31455
32397
32288
33119
32219
32642
32207
33387
31267
33706
32121
31617
32764
30430
32635
32496
31486
32089
32267
32302
40142
32603
32705
32486
33389
31890
32066
32694
30648
33201
32171
32598
31997
32399
32943
31752
32696
31349
31675
31650
32831
32565
32501
32808
31672
32990
32211
33792
31249
32593
33101
32156
32856
32509
31958
32717
32293
33723
31746
32758
31853
32071
32057
33099
31814
33182
31143
33661
31401
33975
32040
33121
32621
32841
32261
33356
32794
32165
33401
31139
33529
32760
33225
31233
33855
32790
32544
33177
32444
33647
32899
32978
33486
33379
32874
33668
32733
32401
34355
31451
34009
30684
34963
33497
33093
32762
32622
33259
34364
32778
33059
32216
34849
29610
33629
32988
32834
33172
33174
34000
33107
31624
33089
32935
32945
33095
32840
33703
33382
33398
32301
32580
32607
34214
32265
33845
32929
32390
33851
32116
35414
32494
33682
33152
33131
33325
33084
34507
33022
33447
33360
32909
33883
32638
33715
34419
31043
34328
33067
33215
32838
33618
33518
33493
32921
34759
33740
29359
33777
33120
33264
30724
34622
33122
33633
33495
33329
33366
30365
34165
33793
33970
32497
34606
33235
32324
33729
33286
17824
36346
33367
33847
33153
33806
33127
33772
33828
31822
33323
34563
33939
32056
33878
33773
34043
33303
34287
33411
33880
33220
32537
34179
33895
32683
34088
33438
34201
36402
33116
34547
34014
33886
34138
34132
32448
33902
33498
35050
33291
35168
34269
34192
33721
34625
34503
33821
34212
32738
35013
33609
33298
34641
34095
33945
34756
33918
34795
34097
34473
34050
31880
33622
36351
33649
34008
33925
34022
34166
33879
33991
32846
34155
33861
34255
33603
34842
34422
32575
35548
32027
35349
34261
33443
35793
34294
35140
34232
34055
33893
34125
33901
35499
35181
34383
33998
34531
34468
34450
36062
36262
33455
34519
33751
34828
34966
33590
34113
34411
34562
33396
34816
35665
34412
33865
35916
32351
34404
30264
36957
25158
45778
31590
36392
33678
35083
34486
36196
32872
36889
33995
34840
34090
34762
34475
33375
35085
34319
34884
34182
38740
34986
34385
34402
34229
35406
25706
35014
35509
34575
34822
34476
36597
35064
35353
34956
35102
34588
35052
33754
35423
34785
36129
33508
36777
34546
35331
34481
35492
33524
35881
35571
33833
36283
34676
34757
35413
34416
34891
34282
35398
35237
34403
35441
34686
35558
37450
35431
34493
35990
35241
35164
34735
33788
36915
35930
34859
35024
35145
36741
34226
37056
34430
35863
36244
35983
34540
36764
35044
35359
35567
36055
34766
35228
35134
35980
34688
36628
33696
35908
34767
34802
35619
35733
35777
35204
35348
46237
35327
35496
34592
36023
35158
35538
35380
35271
35314
35877
34637
35807
34652
34053
35814
35577
35221
25990
37168
35444
33575
36711
35375
35702
35032
35874
35094
36394
36720
34797
35374
35290
35584
35586
35329
35860
35173
35497
35821
35258
35621
33940
35853
36216
35415
36040
35338
36622
36498
34921
37042
35581
35776
35344
35599
36180
35408
35108
21851
37554
31106
50798
33052
36473
35925
36036
33988
36796
34950
35765
36397
35973
35600
35815
36282
35033
36101
35591
34356
37926
36155
36537
35924
36008
35740
37178
35186
36507
35855
36486
35550
36409
35212
36001
36200
36080
36295
35719
36927
36439
35487
36721
36123
36000
36077
36693
36312
36301
36678
36288
35016
36978
33819
36113
37299
34860
39057
34432
30133
40534
35147
36967
36338
35029
36390
36047
36114
35882
36580
36109
36763
37887
36940
36453
36428
36241
35767
36324
35801
37120
35371
36799
36724
35498
37067
36805
36221
36382
36676
36760
34787
36766
35265
35978
37193
36420
37486
36895
36789
36671
35215
39061
36003
36419
37170
36263
36014
37630
36410
36630
29925
46530
36476
37829
36575
36250
34254
35505
36673
36088
37289
36655
36421
36952
34471
38152
37687
36513
36355
37778
36831
36646
36674
35027
36452
37491
35894
37812
36300
36582
35299
37711
35998
36474
40268
36190
37793
35125
36187
37114
36307
36093
37324
37026
36919
36343
37244
36649
38500
37236
35521
36972
36495
37150
34889
37151
35111
37210
30696
38000
36638
38440
36808
37105
37071
37235
34505
36859
36371
37228
38092
34905
37205
35838
37546
33083
38473
36546
36675
37505
37365
37644
35722
37431
36903
35501
37837
35074
39378
36526
37387
36554
38091
37548
37789
36894
34777
37728
37850
36759
37549
38207
36531
37801
37402
37715
36684
37488
37514
36732
37500
36989
37014
37171
36841
37712
36257
37806
38006
36627
20444
65651
36672
38561
37047
37163
38675
35553
37293
37167
35827
38001
34705
39434
37003
38438
37331
37378
34866
37755
37569
37746
37888
37066
37636
37853
37894
37155
37485
37988
38159
38038
36656
38480
37739
37880
36349
39018
37010
37970
37227
38460
36776
38870
37610
38131
37923
37140
37137
38487
37895
37568
37447
38070
37398
37861
39640
38022
37889
37764
38143
37657
38121
37091
36465
39519
37974
37169
37489
38779
37665
37922
37879
37648
38190
37919
37577
37785
37373
38898
35710
38964
37404
39779
38536
37803
39652
35153
38951
37767
38029
39119
38330
37595
37935
38284
38348
38317
38127
37382
38032
36642
38320
38321
38900
37659
39409
34477
38628
38100
37481
40740
37134
39538
38574
38079
38184
38690
37326
38601
38670
36861
39690
37944
37770
40579
37771
37654
38346
38254
37283
39732
37540
39262
38513
42708
37992
37132
38804
36629
36947
41848
38623
38199
37615
38742
37429
38921
34807
41546
38484
38357
38187
38641
38354
38327
40412
37921
38699
38659
37965
38160
41483
38824
38684
38848
36653
39922
37374
38541
15683
40387
38351
39448
37870
38273
35300
43900
38043
37516
39563
38179
37640
37651
39164
38714
38274
38975
38177
38916
37567
39472
38166
39920
38477
38974
38338
39083
38584
38666
38523
39480
38671
39462
39109
37506
38863
38897
30425
44431
38734
38842
39013
39326
38551
39169
38535
37956
39704
37592
38927
37112
39974
38764
41637
38217
38746
39190
38644
39579
38812
35563
39850
37292
39523
38926
39392
39285
39439
38452
39848
38530
38987
39453
39227
39243
38391
43483
39363
38345
38218
39769
39464
39702
39365
38362
42992
38981
39231
38766
38940
39054
40667
38383
39125
38882
39941
38291
42752
38833
40112
39021
39234
39082
39087
41081
39478
41217
39324
39688
39111
40496
40254
38559
39321
39504
39505
36823
44583
39924
32755
51129
38593
42922
39443
39514
39815
39400
39831
40136
39886
37978
41524
39587
38826
39600
38700
40627
39639
39760
36202
39899
38693
41869
39298
39182
39557
39995
39686
39633
39944
40206
38978
39385
39805
38708
41760
39840
39435
39706
41070
40058
39816
39869
40724
38674
40582
37872
40332
39883
40124
40920
40886
38081
39766
40224
36261
40701
38899
43162
37777
40477
38966
40513
39238
40080
39879
37832
40131
40052
39332
40860
39254
39524
40596
39830
40133
40593
39758
40257
39971
40110
39168
40222
39938
40451
39999
40241
40380
39835
39390
41015
40349
39543
40103
40350
39954
40260
40753
39976
40567
39882
40486
39483
39374
39684
40737
39986
40145
38728
42823
38761
41350
39598
40553
40392
40032
40185
40644
40414
40045
40493
43915
40480
39279
40542
41156
40153
41149
40791
18370
42159
40101
41053
39874
40320
40773
25641
40580
40915
40583
40243
40389
40550
40245
40943
39949
40749
40472
40615
39783
40624
41965
41956
38685
41343
39956
41229
40061
40805
35673
43579
40965
40592
39737
41403
41305
40871
40437
41072
41088
40104
41097
41560
40786
40298
42313
41140
40909
41352
40033
40838
41151
39972
41477
40976
41052
40680
41639
40922
40151
40887
41769
39638
41161
40007
41335
41108
38818
41705
41130
40375
41432
40992
41503
40015
41210
40742
41913
41198
41262
40855
40043
42224
40730
41233
40803
41632
40824
41333
41132
41019
41254
41790
40864
41496
41175
41779
39360
41144
41209
41384
41411
41589
41647
41759
41459
40361
41695
39624
40958
41592
42217
41626
41660
41669
42092
40706
41185
37867
41839
40170
39851
41991
40986
41235
41935
37810
42773
40750
43939
40745
41364
39919
41393
40684
41032
42599
39829
40301
42541
40677
41567
41940
41809
41824
41341
40844
41399
42121
41182
41753
40962
43370
41612
41460
41010
39716
43319
40669
42487
41133
41618
41509
41737
41954
41582
41391
40918
42057
43020
42005
42245
40427
42724
41938
37896
41915
40543
42320
40201
42314
42004
41540
42332
41782
42548
41195
45626
41377
44123
41250
42193
40126
41953
42134
41516
42493
41798
41946
41378
42442
41382
42402
39781
45405
42096
42968
40995
42259
41673
41792
42234
41930
41689
41622
43525
42175
39029
42195
35403
48302
41238
43218
42688
42290
42177
42110
39433
42610
42008
40463
42453
42745
42190
42397
43259
42353
42776
42127
42075
42568
42444
41501
40797
43858
42462
42370
41463
42384
41881
42684
42012
42930
42601
42375
43271
41109
44219
42169
42066
42740
40275
43003
42225
41649
42446
41710
42273
42371
42843
40108
42956
42943
42472
41531
42924
42755
42910
42530
39797
41981
42502
42728
42222
42255
41454
41484
42872
42853
40652
42986
40574
45250
42897
42522
43340
42764
43133
42697
42249
43381
42478
42929
42516
43051
43148
40044
43159
42636
38403
45356
41246
43896
43151
42041
42856
42479
45570
41801
43660
42681
42878
42574
43502
43185
44307
41300
43423
42300
46891
43177
42791
43609
44088
42903
42696
43798
42357
43414
39973
43801
41593
41739
43543
41834
42726
42860
43142
31966
43999
42551
43485
43379
41581
53893
42885
42278
42721
43238
42970
42839
42779
42846
43440
43040
41021
45261
43073
42631
42635
42874
42987
43278
42553
43606
43183
43060
42879
42694
43893
42646
43395
43901
41832
43825
43115
42469
43985
43976
43832
43899
40018
49644
43529
43014
43712
42920
44466
43872
44090
43136
44803
44369
42916
43745
44384
44279
43997
43279
43791
39383
48902
43586
45744
43311
43338
43033
43109
42408
43240
44864
44480
43559
43778
41671
44383
42772
42235
44360
43931
43604
43313
43675
45085
42605
45596
43193
43096
42824
44906
43350
43994
43235
45070
43744
44074
43253
44177
45081
42889
43846
44310
42762
56500
41860
43973
43672
44047
43492
42826
47384
43181
43627
43924
44061
43496
45636
45441
42959
45687
44056
43803
44601
45805
44834
43767
44472
44535
44054
43317
44101
43857
43853
43248
44134
43048
44669
43510
44888
46040
42347
44317
43943
43465
43953
44086
44046
44117
44528
40038
44083
42500
43196
44993
43246
40555
45943
44445
41201
43664
44217
43386
43573
43827
43864
44650
44665
43527
45091
44616
43881
44412
44080
43865
44165
43674
44670
44844
43693
44509
44416
44166
44525
43992
44838
44474
44545
44055
44366
45511
44709
43345
44870
44158
45688
44748
44673
44794
42693
44492
44897
43270
44895
44380
44661
44495
44657
44685
45033
44203
44830
43870
44797
44732
44621
44646
43737
44542
44268
44012
43802
43272
46810
43539
45133
43222
46353
44812
43043
44957
44458
45292
44894
44491
44421
45786
44687
45548
44752
44615
45324
44735
45466
45048
43709
45203
44742
45162
44561
46188
44823
44220
44943
45372
44436
45106
45159
45275
44774
44482
45331
44858
46265
48691
44269
44326
45605
44880
45540
45116
44872
44935
45149
44582
45701
44702
44119
45247
45797
44550
44224
45223
45127
44193
45199
44715
45833
43257
45468
35861
51091
44904
46091
45398
43122
49456
45403
44677
47204
45306
41688
45611
44703
45956
45654
44567
45166
45566
45369
45770
44705
48366
44912
45315
44358
49087
44868
45503
43863
48678
46009
46759
47149
44144
45614
45721
45519
45110
46043
44959
46861
45169
46307
45556
45915
40449
46021
45360
45245
45612
45661
45718
44403
46329
45357
44208
46398
44924
45589
45478
45620
45205
46112
45560
46171
46332
45737
45436
45134
44955
46315
45551
45766
45994
45645
47210
46083
45880
45211
44334
45599
46220
45621
46103
45412
46312
45604
48128
45507
42712
46407
45893
45816
45622
46038
45125
46166
45305
40705
47745
42945
48521
45814
46341
45895
45705
44708
46443
48742
45043
46255
45624
46071
45821
46376
45037
47529
46727
45739
45905
46202
45581
45971
47557
45222
46480
45606
45936
45224
46992
45461
46509
45863
45667
46429
46454
45799
46449
45753
46064
46527
45930
46065
46232
46696
45309
46352
47406
46270
45945
46895
47045
47020
46824
44806
47517
44502
57635
46151
46280
46134
50156
45004
46061
43256
48816
47849
45470
46986
46145
46458
46331
47122
46206
45584
46467
46969
46379
44649
48219
46761
46983
46264
46890
46664
46432
47326
47094
46573
46349
46929
47224
45789
47587
45933
46363
45934
46918
47077
46274
46754
47403
46793
47377
47233
46526
47347
47388
46212
47969
46934
46234
47400
45965
47575
45490
49793
46586
46825
45913
48129
46475
47150
46935
46393
46844
48486
45932
49721
45550
48599
46399
48706
47213
46675
46928
45364
47867
47170
47083
47141
48139
47446
45452
46962
47407
44763
47791
46985
46760
47220
46751
47787
47775
45168
49831
47391
47119
46936
47487
47251
46580
47807
47046
47942
44024
55169
47200
46951
48848
46476
47226
46517
47949
47592
47784
46514
48074
45362
50847
47260
46597
47869
47682
46794
47182
47847
47850
47707
48525
47525
46486
48281
47417
47556
47172
47617
47330
47398
47613
47442
46540
48101
47421
47664
47362
47527
45343
48059
47084
47369
47464
47893
48236
46738
47794
47818
47749
47475
48576
45429
48018
47123
47512
47269
45697
48573
47861
48993
45897
58249
50447
47552
48367
47840
47716
46381
48479
44454
48869
47991
48606
49188
46701
47590
48197
47693
47875
47803
48014
47841
48377
47441
50140
47777
45155
47623
50385
47764
49036
48140
48457
47074
49305
48249
48743
47048
47684
50678
47547
48215
47800
48237
47014
48063
46387
47583
47562
48802
49977
48874
47917
48036
47762
48650
49025
48397
48192
47819
48761
47779
48279
49885
48450
48480
47198
48080
48075
48540
47999
48954
48607
47706
48266
48550
48584
47973
48273
48084
51489
48347
52135
48833
48510
48171
48398
46016
49507
46070
49624
48343
48632
47727
49579
48753
48768
48694
47385
49821
48111
48943
50757
49251
48154
49232
48476
48261
48892
48429
48665
47908
48793
49432
48730
48664
48079
47560
49922
48526
48282
51735
46604
48899
48668
48890
48243
49147
49050
48673
52900
49585
48858
47935
48693
49146
48883
49077
49222
49171
48323
48900
49285
48910
45029
51057
48615
49334
48126
52057
45338
51314
48893
50019
48348
49715
47907
50204
49381
49699
50079
49351
49505
49751
49572
49427
49662
47934
49801
48960
48698
49311
45643
50119
49687
49766
49822
48844
49352
49241
49335
50580
47011
49519
48349
48174
49747
45198
51224
50095
48754
49530
48123
50643
48855
49691
49272
49317
49459
48847
49115
49884
49811
51280
47967
49591
49744
49981
50216
46788
48687
50153
48046
49444
49570
50318
48894
50025
46922
49909
52176
49178
50561
49629
48667
49773
49224
49264
45774
50283
49001
49213
51622
48216
51433
48393
50114
48912
51350
50278
48161
53641
49471
49363
48464
51880
49226
50838
49529
50108
48500
50203
49951
48663
51566
49953
50516
50065
50372
48938
49248
50934
49012
50010
49984
49928
50143
44566
54359
47513
50623
49091
50427
49518
49227
50412
51662
49726
50519
48558
51425
49295
49998
50370
50510
49453
50784
49680
50512
49053
49830
50525
50021
51751
50032
50061
50145
50243
48904
51036
50425
50200
49945
50155
50001
51094
50206
51491
48862
50424
50539
51267
50271
52522
51814
49836
50524
50354
50828
49705
50184
50457
50191
49555
50053
49078
53739
50511
50285
51054
53580
50698
49564
51398
35187
55304
50818
50605
49742
50231
49521
50889
50445
52521
50559
50644
50027
50606
50704
50599
50827
52097
46052
63036
50304
50051
50881
50246
51330
49120
50755
51027
50747
51331
51055
48666
51363
50609
50489
50650
49436
51582
50859
50876
50170
49336
51336
50249
45992
50832
50821
50096
50734
50263
51718
51925
50334
50997
50211
50062
49983
51052
50635
50656
51473
50763
50474
51153
50574
51102
50673
51299
51344
51606
51472
48808
54662
42896
59158
50158
55228
50526
49820
52048
51071
51002
51676
51284
50438
51020
50286
51686
50498
51262
49917
52507
49943
51756
52026
51576
53013
49886
52363
49730
51315
50301
51660
50675
51843
49621
51395
50852
50048
51654
51105
51533
50566
52228
51098
51740
50671
52102
50440
51808
52792
50777
51056
50083
50733
49202
54121
50802
51902
51111
50554
52012
50857
51365
51761
51597
50786
51693
50247
51906
49711
51369
51339
50348
50478
51817
51494
50748
51857
51774
58129
51714
51450
51628
45761
53223
51200
51593
51959
51736
52331
51204
51449
52035
51484
53822
50245
52626
51444
54633
51198
52307
50761
50596
51894
51616
47633
51792
52138
51304
50446
52514
51211
51207
51382
51777
51402
50655
54896
51806
52187
51407
52144
51784
52125
51647
51643
51738
51991
51614
52413
51873
52282
52021
52428
51917
51965
52322
51122
52504
51706
52362
51804
51947
51987
52461
51469
51785
52166
52646
51558
52675
52973
51858
52104
52796
49753
52581
51885
52436
52412
51879
52572
52969
52266
52162
52280
52211
52586
52231
52373
52444
52165
52756
52855
51891
53407
52314
52896
51911
52186
52391
52815
52073
52784
52168
52686
51968
51685
54065
52440
52494
53319
51453
50806
52369
52321
52660
51754
52836
51625
53014
52556
52998
52911
51488
53533
51993
52795
52290
52564
50071
56688
52199
52498
51624
55063
52478
53403
52043
52612
52741
52512
49524
52960
52750
52524
52458
49407
53165
52678
52295
52830
53085
53649
50709
53171
52286
53137
52738
52810
52446
52809
52653
53387
51934
52889
51975
52875
49694
52728
52287
53981
52791
53257
53134
52912
52818
53383
52336
52337
53000
51779
58270
52942
52484
54047
53251
52217
52864
53066
52907
53626
52530
53509
53718
53030
53359
52630
53308
53451
53021
55488
53332
52835
53615
53736
52574
53670
52944
53303
51404
53836
53132
53558
54640
52633
54052
52112
53834
52874
54232
53722
53250
52031
53555
53147
54181
52636
52647
53364
52831
53272
54340
54050
50860
54777
53236
54602
53059
54117
53089
53366
53199
53474
56043
52583
54834
53586
53277
53298
55456
53675
53056
53763
53376
53135
54125
52679
53495
55269
53067
54203
53480
51724
54873
43550
54238
52439
54452
54935
53882
52834
53457
53244
54029
54767
53971
53271
53316
54434
53237
52716
53026
54714
53579
53394
53233
53831
54645
52195
53945
54205
53735
56060
53554
54454
54786
53693
53561
54438
54647
53550
53948
53361
55838
53224
53854
53921
55951
53980
53182
53746
53750
52991
52842
55369
53183
51945
55029
53115
53820
53275
54271
55058
53985
54184
53984
53883
51504
57502
52181
54653
53404
54974
53667
53719
53435
54242
54077
53351
53731
55307
50477
57129
54328
53360
54213
52701
56168
53638
55401
54227
54379
54637
52992
58851
53210
54486
55940
54440
53423
54700
54131
53105
54971
51417
55216
53901
54879
53978
54389
54428
55449
54055
54755
53633
55101
47679
57266
53788
54480
55815
54133
54436
54299
55565
55811
54014
55130
54511
54728
54375
54733
54075
55052
54231
54249
55076
54621
55856
54574
54560
54280
54448
53043
60976
53808
57004
54173
56864
52589
55309
54803
55585
54878
54513
54838
54424
56854
55046
55026
52243
54175
55712
53003
56195
53720
55527
51742
57911
55346
54401
55480
55181
54245
53894
54370
55904
52702
55878
55756
54346
55117
53804
54094
55349
55161
55102
55685
54590
55359
53865
54931
56536
55331
54638
54460
54830
54913
53574
55364
54696
56061
54490
55170
54705
55341
55979
55393
55018
56499
52059
58358
54952
55668
55407
54942
55842
54108
56249
55141
52453
55941
54977
55529
55664
55075
55048
57692
55067
55622
54223
55759
56268
55740
54417
57009
55972
55723
55890
54746
57228
55483
56028
52917
56559
54025
55965
54461
56969
54849
55774
55439
56092
55789
53994
54338
57001
57087
55008
55148
55998
56006
55800
55566
54861
56164
55478
55231
56016
54643
57415
55989
56121
55852
56021
55785
53666
59355
55862
55099
56650
55299
56676
55328
55638
55899
56586
56119
56186
55752
12326
61846
53716
56269
54843
53437
56459
54782
54603
56108
57163
55426
54351
59635
55765
54785
53870
56360
55637
54887
56291
55429
56072
55764
56013
56800
56262
55547
54541
56351
55901
56776
56242
56302
56310
55138
56948
55763
56322
56515
55931
56387
57444
55388
56604
56520
56144
55003
56555
56378
56987
54934
55858
53837
69473
57114
54955
56669
55536
56528
56022
56431
56516
56254
56130
56377
55932
55961
56716
55056
55463
56661
56156
56127
56122
56708
53370
58234
56169
55684
56361
56587
56208
56760
56209
56001
56723
56200
56549
56712
54837
54504
58624
56563
56251
56746
56925
56088
55700
56505
56078
57395
56124
56166
58345
55952
58467
56204
56998
56855
55816
57434
56829
56777
55301
57261
56455
56735
56464
60653
56785
56835
56664
56908
56820
55083
57111
56912
56175
56635
56451
56775
56952
56930
57019
56259
57366
57119
56247
57068
56905
53389
60363
56613
57050
57181
55100
55994
58451
56904
57321
56273
56876
57710
57095
56429
57217
56825
56306
54692
56230
57482
58225
57196
56780
56858
57687
57371
57017
57221
57134
57921
56828
56830
57290
57725
57355
57128
56424
57682
56524
57773
54649
59295
56993
57361
57360
57427
56319
57935
57046
57868
55007
57468
57021
57239
56368
58802
56999
57877
57396
58115
56747
57708
57403
57048
57063
57927
57146
57765
56831
56768
57602
57269
57409
57514
55903
56572
58186
57254
57475
57308
57740
56027
56439
56323
57885
57697
57414
57014
58477
58416
57302
57398
57780
56883
58740
57892
57977
58046
57552
59777
57575
57193
57981
56866
58032
57984
58190
56921
58583
58584
58474
58107
58421
57965
57390
57031
57589
57406
59371
55828
62063
58228
42622
58219
57889
58716
55506
58240
58089
58059
58284
58146
58355
57115
58295
57237
57745
57316
58677
58379
57975
57564
57534
58879
57942
57894
58281
56963
59103
58100
53545
67001
57432
59165
56416
58043
57789
57957
57313
58966
57689
58097
58041
58237
58640
57585
59724
58118
58287
58268
58163
58263
58635
57429
58729
58061
57054
59008
57728
58695
58413
57735
57824
58079
58954
57867
58121
58083
58876
58481
58323
58587
58001
58634
58456
59338
58322
59023
58482
59255
59478
58878
58271
58581
58140
58414
58165
58734
59206
58615
58356
58551
58452
59012
58643
59238
58844
58148
59311
58340
59108
58205
58243
58440
59706
58197
59307
58448
58918
59175
58200
61251
57457
58974
59999
59247
60592
58507
58034
56288
58313
58485
57873
59162
58602
59173
59067
58910
57638
58757
59140
58750
58424
60369
58444
59168
58836
58841
57781
59578
57897
59045
58931
57903
59267
59449
59007
59019
58718
59598
58944
58957
59219
58773
58550
59034
59465
59428
59299
58780
59237
58674
59314
58430
59967
59493
59304
59570
58753
58991
56994
63589
58778
59758
58645
60006
59329
57642
60250
59869
59538
58511
58982
58934
59587
56913
60977
58348
58897
59719
59413
59455
59687
50842
63510
60012
59166
59293
59705
58801
60421
58814
59450
59372
59992
58226
58495
59666
59388
59581
59600
59496
59405
59828
59531
59349
59677
59499
59419
59745
59381
59521
60300
58647
59469
59813
59385
60647
59500
59822
59720
59793
59606
59441
60212
59831
59284
65876
57994
59957
59202
58693
59880
60240
59010
58890
59910
59814
60009
59839
60782
60061
59367
60503
59615
60287
59914
61577
59325
59908
58008
59989
59909
59812
59934
59946
60464
60283
60099
60256
60913
59882
60019
60666
59617
60255
58967
60886
59834
60484
59609
59891
59820
60522
59620
59988
59971
60705
59874
60763
60242
59700
60863
60439
59717
61935
60471
60152
59851
60578
60371
59042
60150
60067
59715
60738
60447
59824
61616
59986
60224
60066
62342
59027
60435
60104
60285
60295
60583
58685
67791
59770
61190
59954
60049
60507
59924
60179
60844
60272
60091
61399
61253
60311
60142
60638
60413
65128
60949
60904
60215
61466
59902
61002
60437
60708
59798
62267
59936
61390
60625
59935
60947
60163
60307
61955
60754
60831
61038
62092
60334
61300
59900
61297
59625
60276
59741
62556
60616
61337
63574
62591
58051
61779
60694
61626
58699
61434
61443
58888
60744
62640
60943
59597
62066
60134
62275
60640
61415
60532
61104
61442
60753
60008
59959
62208
61238
61180
61412
59785
62557
60515
62283
60155
60698
62170
62025
60649
61029
61818
60732
61634
59163
61168
61246
62096
61258
61114
60829
60467
61080
61107
61314
61677
61895
57671
62252
61875
60524
59040
61916
60685
61889
60173
61257
61427
60350
62029
62577
60554
61694
53909
65604
61315
60648
63630
62051
62440
60869
62336
62230
60961
61833
61360
61424
61174
61326
61482
61191
60888
61507
61783
61627
61651
62095
60637
62059
62241
61720
61710
56096
62301
60257
62605
61140
61819
60535
60851
61197
63057
61207
60077
60671
62326
61575
61705
62478
61973
60630
61179
60800
62244
62146
61610
62104
61724
61866
60486
61799
60487
62498
62034
61567
64146
61962
62513
60684
62358
60560
62197
61560
61428
62209
57616
62754
39297
65187
60393
62592
60984
62999
60500
63013
61856
63156
60669
61055
60928
61868
61430
64634
60641
62833
61743
61146
62942
64223
61932
61672
62179
61925
61624
61535
61254
62788
61781
61359
62102
59693
62461
61629
62644
62062
62292
62220
61463
62413
61832
62569
62044
61458
61727
63042
60194
63242
58749
66003
59845
63296
62118
63081
62064
62033
62723
62343
62636
52618
79124
62651
61980
62459
62624
62120
63162
62466
62500
62396
62658
61477
61053
64007
62141
62810
62462
61332
63814
60789
62963
62880
62309
61803
62372
62506
62726
57633
63226
62171
62733
62802
62888
61435
63063
62490
66050
61173
63790
62119
62597
62270
61506
62877
63817
62687
62694
62542
62321
62580
64050
61900
63243
62578
62573
64886
62286
63597
62612
63278
63129
61673
62289
62227
64199
62216
62357
62487
62593
62921
62084
63092
61715
63368
62943
63134
62458
63520
55894
66288
61788
61582
63549
62692
62424
63124
63938
61946
63389
62299
62623
62759
62444
62661
63032
62653
62295
64556
62912
63849
62389
63189
63298
63416
60776
66437
61757
63937
63670
62946
62866
65820
64065
62983
63624
62879
65575
62445
63700
64310
63347
63705
62807
61586
63945
64474
59995
66342
63586
63687
63333
63924
63499
62188
63522
63263
63560
63111
63922
62914
62410
63161
62676
63135
64258
60811
64746
62948
63450
62786
63084
62502
64632
61416
62729
63989
62426
63703
63688
62775
63619
63027
75636
62763
63629
64158
63825
64368
63445
63595
64301
63661
63176
64001
64203
63979
60999
64009
63055
62795
63267
64120
63610
64766
56895
65424
65095
63648
63906
61501
63747
61541
63071
66841
60971
67629
64068
60806
77888
63876
63854
64762
64748
63613
63371
68182
63638
63075
63690
64439
62536
63750
64590
62951
63757
63774
64122
65986
63885
64033
63093
63217
63444
62785
63836
64341
63330
64366
63988
63521
63170
63446
65043
62975
62534
64488
63840
63830
64154
65280
64745
64452
63765
66091
63671
63283
64094
64576
64420
66022
35276
74994
65397
64269
65017
63408
64500
63545
64893
64327
64145
64303
63940
63199
64915
63822
62323
64732
63965
63581
64657
63340
63501
64775
64285
64353
64944
65053
64877
64242
66950
64197
65026
64370
65391
64253
64538
65011
65294
65273
64153
66080
61975
67050
63761
62919
65208
64464
63967
63657
64069
65192
64202
66347
64461
64997
64286
63870
64805
65410
65141
66104
64109
66071
62581
65887
64696
63206
69641
64582
66199
63926
65746
64481
64331
65963
64705
65065
62719
66518
64783
63797
66058
61684
71554
61312
67402
65601
65643
64638
65783
64384
65125
64414
64744
65329
64483
64567
65176
63948
64570
65324
63958
64760
65694
65044
64256
64547
65045
64267
66133
64112
65322
65944
64397
65027
64629
63748
64935
64169
65249
66056
64188
65710
64901
64819
65398
65058
65653
64864
64469
65340
65285
65374
64767
64823
65518
65806
65828
65416
65097
67661
64926
64059
66440
66149
64795
65114
62843
66436
64182
66875
64271
66124
65315
66426
65119
65700
65526
61653
89997
64703
67202
64121
68547
65310
65514
64330
65937
65493
65605
65801
64969
65711
66738
65433
66528
65827
64751
66031
63970
66857
64577
65731
65959
65217
65921
65587
66045
64974
65676
64946
63890
66876
66724
64874
65565
66044
65293
67008
66513
65737
66524
66218
65689
62648
65448
65257
66622
65330
65369
65752
65422
64080
65909
48738
75797
63791
69374
65402
65785
64665
65811
65829
66428
65791
65836
65648
66521
66168
64771
66605
65407
65882
66078
66128
65163
69086
64774
66961
65751
66562
66451
65974
65966
65314
66008
65851
65788
66064
65511
67239
66530
65373
67996
66192
66060
65323
66923
64845
66807
65718
66118
66275
63138
68790
65477
66688
66159
66985
65885
66397
66727
66111
65743
69237
66243
66742
66545
66603
64900
65047
66775
65079
71492
64510
67310
67333
65570
68061
66654
65384
66359
65772
67091
64616
63952
69559
65810
66944
66061
67043
65996
67670
66160
65303
66520
65792
66332
66136
66308
62232
67353
66101
67302
65617
66484
66037
68979
66748
65949
67503
67426
65659
67252
67518
65929
64684
67449
67068
66564
67478
66534
66410
67229
63358
67100
67169
66895
65874
67872
65569
66239
66537
66719
65110
67481
66379
65913
68312
66699
65478
63147
70723
66067
66717
66765
67183
67002
66571
66207
64058
66653
65715
66515
67313
66373
67453
67427
64438
67245
69207
66582
66842
67017
67073
66387
63682
67944
66206
67151
67655
66823
67038
66274
66088
66161
67830
66491
68112
66845
66360
66651
67571
65982
67420
67662
66276
69217
67126
66907
64237
68225
66367
67953
65823
68120
66687
66989
67431
67828
66768
66092
68989
67947
67626
66665
67687
67723
66132
67220
67429
67552
66976
68338
66412
67074
67591
66832
67846
66997
67594
67241
67756
64855
68280
67385
67195
67529
67833
66343
68023
67012
66029
67163
67274
68737
66949
63005
77232
67200
66931
67802
67272
67294
65951
69140
67673
66335
69576
67668
67562
66819
71066
67497
67170
68800
67039
66964
68992
67627
65857
69286
67401
66873
68185
67258
67822
67979
68015
67516
67693
67726
70048
67753
66152
66122
68100
66672
68160
68059
68351
66399
68236
68090
67448
68012
67768
67280
67275
68383
68003
68819
68570
68224
67289
68191
64189
70310
66306
68531
65917
73122
67531
67769
67798
67870
68254
68040
69477
68215
67959
68352
66969
67747
68311
68143
67120
68495
66816
68530
68479
66959
68740
67162
67841
65709
68569
68525
68130
68808
68498
68149
67077
68791
66418
69900
68685
69188
67807
68729
68961
67463
67758
67910
68411
68734
67819
67875
68534
68319
68908
68237
68667
67766
69041
68422
67519
68623
67923
68842
69402
69529
63336
67728
69913
68788
70246
67659
68566
66867
69096
68349
67879
67886
68293
68208
68540
69079
67418
67563
68934
67697
69128
68441
68377
69171
67909
67899
66792
69467
67720
70470
68301
69517
68102
69327
68973
68330
67154
68856
63603
68937
68960
68928
68092
68066
68381
68598
68161
69828
68084
69248
68511
67783
71248
69308
68557
68708
68871
68946
68376
70589
68252
68971
68374
73858
68378
68425
69692
68705
69982
68661
68910
68283
69239
67831
69353
68742
68839
69199
69594
70236
69508
69026
70274
68449
68767
67848
67121
68978
68443
70088
68419
69478
67340
70781
69191
68798
68136
69339
69030
68725
66607
69142
69756
69280
68994
67159
68930
68448
69312
68863
69792
68841
69202
70642
68831
69841
68483
71929
70895
69336
70195
68067
69584
69465
69497
69586
69018
69607
69317
69629
69167
69197
70068
69196
69436
69705
69832
69302
68860
69244
69060
69645
69547
68885
70446
69362
69685
69711
69869
70282
69933
69356
70359
69652
69724
70153
69851
69435
70151
69794
69702
68111
70179
69417
69632
70280
68974
69218
69881
72081
70513
64218
71046
76156
68899
69648
69345
69760
68051
70113
69211
70698
70907
68969
69787
69570
55285
69668
69810
69608
69943
69591
69714
70094
39486
73151
69819
70268
70092
70294
70951
68760
70149
70291
70516
66336
74488
69957
68395
71029
69311
70571
67517
73661
69610
71726
67985
71237
69340
71282
68135
71172
69758
64835
69973
70625
69777
72287
69567
70865
70096
70794
70442
69330
70575
69201
70961
70162
69879
72302
69419
69507
71032
71575
69540
69694
70712
69733
70621
70256
69743
70379
70939
70578
69676
69739
69746
70755
70329
71133
69741
70542
70108
70449
70833
70242
69835
72168
70397
70337
70206
70774
69487
71848
70606
70888
70295
70352
70635
70786
70665
70404
69531
70693
70198
70508
69861
70890
70290
70593
70351
69446
70522
70804
70473
70501
70685
71358
66980
79186
71016
70641
68299
70611
70039
70837
70482
70526
71526
70441
69596
71679
70552
70825
71199
69674
71881
71094
70323
71253
69873
70776
71096
70664
71536
69893
71459
71592
71300
70955
70414
71322
70849
71910
70332
72847
69263
71495
72006
71666
70632
71118
70966
70993
71353
71835
71285
71266
69650
74852
70623
70922
70738
71623
71287
70956
71795
69968
71955
71562
70349
72535
70801
70450
70710
71176
70217
70886
70184
71406
70990
72265
71227
71265
71256
70510
71352
71213
70870
72180
71434
70456
72411
70845
72817
71716
71193
71095
70996
70859
71677
71541
70372
69935
71746
71197
71325
71031
71539
71473
71138
71214
70880
71165
71574
71318
71422
71521
71421
68682
74502
71134
71067
67792
73479
71215
70942
74184
71719
71635
67515
79587
71532
71767
71667
71743
72483
71261
71531
71885
71371
71332
70646
68085
73514
71308
71874
71340
72421
69896
71828
72226
71041
72077
71682
72144
71280
70479
75584
71462
69449
73326
71484
71770
71220
72113
71730
71832
71598
71732
72101
71783
72449
71612
72120
71580
70974
72225
71590
74134
71546
71725
71647
71302
71873
71418
72199
69709
72772
71412
71476
71984
71617
72053
71870
71233
71842
72390
71814
71884
72010
72269
71825
72218
68486
72831
71994
71024
72191
71731
73098
70929
72108
71981
72222
72134
71070
72257
70986
72405
71255
70760
71983
71847
71889
73030
71314
72520
73037
72174
71324
74336
71166
72038
72055
72256
72291
71877
71977
72246
71883
72563
72458
72076
72220
71866
72490
72807
71709
73301
71361
74399
71012
72681
72647
73498
70435
73789
71620
72876
72152
72582
71979
71901
73388
72047
75060
71655
72560
71933
72670
72002
73564
72173
72467
70034
72234
71919
71888
73180
71941
72786
72185
72219
70935
73157
71802
72854
72840
72451
72075
72146
72284
72262
72984
72599
72930
72754
72646
72508
71943
73090
72484
71878
73141
73023
72677
72565
72973
72660
72329
73118
73245
73471
72843
72721
73522
72412
72453
72182
72436
71999
73318
72491
72736
72839
73113
72249
72937
72162
73346
72495
71717
73999
74104
72497
73616
72910
73985
72815
72871
74371
72770
73854
72993
73491
72750
72895
72648
73596
73361
70385
73757
71948
72919
72253
72336
73407
72304
73060
72881
73838
73013
73261
72849
73309
73537
72711
73511
73036
73246
73572
72631
74059
73241
73292
72933
73132
73143
74131
73120
72997
77883
73052
73451
73389
72578
74139
72034
74246
71449
73177
73392
73441
73425
73004
73291
72694
73387
73562
73669
68241
75659
72139
73726
73737
73767
73347
72569
72834
73565
69892
77502
73422
72344
74577
73965
67355
75394
71817
74266
73487
73582
71040
75147
73088
73758
73762
73440
70527
78689
72679
74763
73480
73940
72448
73175
73329
73439
73507
73783
72534
74310
73842
73156
74084
73354
73465
73608
73921
72396
71400
73561
75108
73771
70041
77911
72658
75508
70374
75903
73589
74015
73210
73269
74621
74454
67695
82592
73271
74181
74007
73797
73870
74273
73483
74085
74275
74430
74432
76085
74119
72656
74733
73138
74438
73545
73704
72059
74796
73800
74136
74081
72455
76133
74045
74212
72890
73691
74008
74250
72624
74950
74517
74298
74363
73735
74386
74437
74016
73618
74487
73488
74319
74431
74220
74658
73474
74553
74490
73658
73170
74615
75455
73548
73818
75680
69617
77309
74436
75338
73961
73793
75611
74394
74391
74466
73674
79333
73857
78925
74710
74211
74089
74079
75660
73067
73622
74679
74254
74968
74183
74447
75088
74001
75601
71404
74456
73524
74543
75616
74908
74729
74342
74626
74329
75236
74705
74397
74513
74358
72369
72866
75663
74625
72696
76219
74440
74599
75043
74339
73675
74312
74387
74245
73874
73763
76048
75629
74639
74640
73499
74035
74248
74935
74367
74563
74666
75369
74271
74958
74668
74127
75027
73390
75803
74369
75276
75688
74446
74018
75485
74469
75182
74943
72473
84393
74780
74611
74752
74435
74878
74905
74559
74876
75164
74674
74787
75908
75189
76128
74243
76559
74897
73932
76014
74944
74987
74909
74949
74673
75713
74379
75160
75103
74586
75237
76856
74355
72749
75497
75430
72386
75529
75123
76105
75438
75174
74667
75603
75372
75709
74067
75399
75561
75136
75171
76384
74759
75590
74537
75541
74807
74976
74836
75206
72502
76112
76161
75051
75297
75689
74187
79767
75464
75558
75269
76456
74585
76849
75034
74470
75662
76004
74695
75967
73517
74741
76382
75588
74291
77021
74795
75612
74694
74503
73724
78026
75396
75798
77513
76828
75033
75359
76184
75059
76549
75594
76897
74704
75053
76481
77344
75403
76448
75769
75638
74845
78112
75207
76595
75434
75802
76190
75879
75634
74582
76873
75980
75856
75761
74608
76591
76777
76006
76449
76067
75809
75658
75522
76778
76079
72844
77292
73263
79113
76040
74450
75751
75520
80374
76098
76172
75819
75294
78122
75292
76149
76135
75361
76831
76267
76338
76462
77004
76289
80876
74783
76207
76312
76638
76563
75842
77722
75893
76113
76351
75818
75216
76558
78577
74911
77316
76613
76492
74505
75347
78330
75673
70648
75379
76097
76167
75891
77840
75081
76902
75852
76235
75552
76282
76044
76614
76171
76238
76381
76213
76446
76869
76274
75699
78008
77085
76669
76960
77224
76062
76585
77098
75887
77167
76658
76787
75814
76445
76818
74840
76463
78917
79330
76457
74691
80533
76967
76850
77414
72577
78860
76950
75752
77055
76905
75732
77096
76022
77945
76224
78427
76770
77371
77222
74718
78174
76454
76887
77090
77393
77410
73341
84145
76742
76084
77091
76659
75215
77230
78228
77229
76624
77305
77564
74693
77415
77219
77465
76632
77039
76977
77322
75692
79123
76820
77687
76655
77086
78725
77445
74993
79524
75287
78077
77015
76984
77220
73431
80468
77081
76469
77742
76495
78274
76931
77717
77191
78103
77099
76588
77284
77773
78367
73319
81390
76976
77245
77363
76065
77311
76229
77881
77136
75944
77952
78063
77034
77949
76690
78513
76015
77685
73460
77523
76483
76772
77435
78426
77293
77684
76139
62330
84827
77280
79789
76852
77870
76697
78231
78234
75310
81593
76860
79168
77790
76168
78368
76359
81706
76667
78830
77419
78110
77630
75326
79305
77201
77189
77724
77830
78517
74932
83668
76633
77927
76431
81515
76117
82981
77030
77402
78030
78870
78254
77604
79127
77499
78089
77976
79869
77130
77005
77676
77529
78418
78429
78345
76725
78699
78248
77285
77825
78622
79120
78062
77864
77444
78757
75251
78144
78402
79403
78189
77452
78088
78102
78507
77325
78312
77956
78718
76578
74952
79830
75746
78942
76744
81946
77849
75836
78685
77986
78751
78249
78175
77714
78299
77922
78349
79422
77615
78332
77713
78762
78414
78186
78147
78535
77020
78157
79131
78693
78428
77979
78576
77719
79187
78247
79080
77373
78266
78653
78183
78561
79284
77252
79437
78962
78573
78636
78664
80831
78520
72687
79728
78454
78990
78868
78811
78177
78470
78403
75702
82741
78819
78873
79006
78453
79157
78329
79516
78068
80972
78939
78621
79091
78441
78966
78598
78401
79974
78563
81005
78532
80691
78766
81418
78746
79363
78717
79432
78425
78286
79633
78549
79102
79360
77792
78933
80032
80369
78591
78719
79358
78222
78954
77253
79379
77368
81825
79050
77041
79772
79412
78796
80695
79743
79249
78792
78521
78681
80668
78965
80866
78915
79433
78866
79453
79938
78227
79861
78806
78922
79010
79828
79501
79164
78937
79259
78793
79749
78071
78405
80538
79653
78809
79429
77982
79649
79119
77991
83361
79285
79708
79947
79819
79623
80812
74892
82049
75873
80004
80061
78555
79106
81705
80267
79875
78744
79109
79470
79637
80076
79669
79843
80156
80410
78907
80141
80051
79316
79760
80319
78902
79812
80034
79584
78905
80962
81317
81262
79907
78404
78617
82440
78906
79213
79668
50289
89992
80702
78047
79581
80166
80007
79373
76594
78651
79506
82910
78522
81237
80103
78936
79578
79786
80085
78822
81574
80179
79870
78834
79937
80168
80287
80130
80394
79656
79944
80428
80194
78546
80892
79872
80273
79860
80412
81008
79312
81375
79995
81146
80126
80913
79673
79706
80132
80675
80368
79382
80066
80420
79151
74365
87926
79948
80047
80724
77775
80473
80572
79824
80926
80696
80086
80488
80520
81266
80736
79709
80683
80387
81413
80464
81006
81170
80496
80113
80803
80874
80518
80894
80566
83719
79561
76833
80810
80315
81458
80975
80681
81156
80685
80743
79696
81396
79518
84906
79707
80472
80740
79816
80864
80482
80647
80301
80650
81641
78742
83956
80606
80847
80584
81445
79695
81341
74297
81159
80306
81191
80587
80729
81076
78898
81812
81243
80800
81895
80386
80932
81859
81533
81490
76194
82363
80965
81773
80927
81681
79883
80157
80995
80946
81219
77726
81339
80732
80645
80997
80824
81607
80920
82057
78831
84236
80844
81485
80341
82394
75433
81883
81045
81875
81488
80806
80640
82054
80671
81246
81014
80421
82782
81190
81559
79047
81922
78894
83447
80684
80838
82670
81405
80588
81530
75322
81708
82263
80753
81491
81438
82025
80376
80361
80711
82010
80917
81796
81861
81493
80281
82072
82444
81203
81291
81227
81908
81677
81578
80311
82187
81321
81585
82494
81399
80266
83414
81112
80984
82060
80693
80725
84272
79756
82766
81162
81376
81176
81696
81647
81959
81420
80720
81816
79761
82919
81743
82643
81608
79881
82460
80970
82448
80790
83109
80978
81278
80377
81569
81264
81874
81727
82205
82370
82470
82155
82086
82295
82380
82326
81927
81528
83251
81500
81702
82138
82005
82633
81065
82921
81679
81915
81845
83287
81597
81836
81729
83126
81819
80028
82085
82417
81443
82244
82473
81976
83350
81993
81824
81283
84660
82106
82168
85605
82073
82191
82218
81616
82342
81973
82445
82509
82713
81730
83449
81471
82934
82537
80998
83229
82360
82507
82518
81280
82427
82372
83428
82916
81971
83617
81780
82233
82752
82837
83094
82833
81437
83324
76064
82307
82857
82441
82365
82392
78684
84469
82451
75277
89996
89988
89990
89981
89969
89977
89968
89963
82870
82006
83976
82570
82967
82555
82708
82141
83970
81588
83188
82145
81998
82648
82002
82753
82895
80135
86786
82932
82264
82152
81974
84099
83588
82716
83247
83097
83246
82773
82971
81164
84477
82403
82496
81692
83081
82853
82714
82898
82842
82576
82257
82827
82948
82687
82840
83224
82115
83243
82868
83049
82038
83907
81106
83166
82137
82480
82943
83047
82941
82831
83083
83241
82443
84759
82393
85797
78643
86006
82099
83687
81724
83090
83522
83525
83125
83005
83578
83906
83215
83296
81801
83250
85543
82882
83523
82958
83605
83329
82738
84232
83416
83684
83380
80015
83129
84341
83630
82511
84451
82754
83198
83890
84094
82886
83372
80220
84462
83314
83934
76057
89691
83028
83876
83961
83320
83460
82669
88584
83374
83916
84132
82546
84231
82386
84442
82297
83901
82873
83767
82978
84259
83532
83679
83265
83353
82973
84320
83482
83688
83895
83721
82954
84131
84070
83811
84180
84163
83301
84252
83816
84011
83133
81128
85059
81304
84173
82430
83393
82847
85323
83971
83793
83252
84020
83794
83300
84284
83334
84401
83897
83557
84285
84692
82997
85082
83874
84081
84003
82677
89962
82777
85083
83328
84251
86973
83367
84888
84546
84617
84495
84305
83638
84805
83671
84916
83945
83570
84195
84505
84549
84198
83493
84524
84245
83774
83313
88951
84392
84055
84376
84748
83878
85221
84755
84446
82839
84564
84176
84610
83071
84265
84606
84133
83537
84455
83315
84632
83228
84923
84345
85282
84203
83573
81749
87206
83136
84631
83598
84491
84033
84046
84720
82564
84785
84498
84078
84864
84486
84200
85215
83663
84533
83870
85023
82600
83476
87539
83987
85277
84875
84577
85061
83796
86361
85169
84100
85556
84566
82542
84548
83169
85253
84307
84005
85400
83621
85643
84014
84616
83943
84814
83958
80665
85993
84250
84585
87432
80143
85763
84544
84952
84277
84666
84403
84996
84644
84905
83954
84670
84255
85217
84128
84939
83653
84897
84587
84872
84981
84059
84697
83575
85521
85074
84343
84954
85168
84736
85496
78081
84972
84230
84749
84663
85287
84821
84922
84569
85364
84773
84850
86941
84299
84591
84784
84912
84711
85156
85237
84817
85530
85111
85374
87519
84391
85115
84528
84924
85030
86174
83383
85902
86212
85309
85494
85267
84808
84853
85319
85203
85456
85110
86015
85308
85254
85430
84611
85371
85606
84552
84753
84534
86164
86246
85490
85398
84964
85240
85447
85010
85549
85248
85667
84573
86378
83277
85711
85476
85274
85766
85668
85508
84764
86118
86086
55045
86736
85730
85325
84327
86214
85913
85091
87597
85392
85726
85832
81943
89954
89952
89946
87839
84991
85918
82383
86346
85986
85421
85869
86720
85139
88013
85555
85227
86421
84946
86742
85849
85140
82069
84786
89725
85898
86423
85772
85577
84843
85440
86226
85996
85959
85513
85592
85981
86249
83677
85675
86578
85639
86031
86307
85728
86090
85689
86507
83305
87931
85013
85729
86105
87234
85734
86853
86411
84440
89943
85988
85886
84816
88324
86276
85055
86590
85881
86296
86081
85188
84665
88811
85463
85814
86451
85676
85567
85243
87799
86038
85037
88172
84643
86068
85833
84877
87357
85043
86939
85306
86131
86067
85465
86199
85916
86466
86381
86233
86319
86572
85326
86160
85420
86456
86078
86196
86630
86668
85690
86568
86286
86167
87163
85452
89941
89936
89932
89931
85735
87081
85980
86119
87014
86615
86023
87424
75593
89718
85738
89708
85062
87549
86287
86182
85876
85582
87105
86033
87551
86447
86760
86305
86601
86382
86673
78840
88792
86185
87565
86532
86818
85974
86455
87121
84374
89441
85780
87899
86511
86625
86266
86603
85417
87745
87096
86469
86885
86218
86428
86756
86446
86695
86397
85684
87027
86418
85962
87637
85958
86912
85995
86899
87286
87220
86838
85246
86972
85404
89929
89928
86723
86509
86932
86399
86127
86683
87901
85212
87045
86358
88590
86070
86790
86272
87859
85607
86476
85596
86666
86645
87509
87210
85828
86222
86860
86671
87112
86898
86644
86743
87069
87031
87381
86890
85109
87914
86496
85365
87111
87355
87040
87041
88730
87247
86470
84640
87661
86087
88588
86968
87401
87454
87605
86902
89072
86985
86724
87606
87037
87214
88169
86915
87531
86908
86830
87408
87345
87313
87366
87577
87092
87479
87151
87801
87465
87109
87956
87610
86653
88106
87582
85337
87863
87639
87371
88476
86096
86402
87613
87612
86309
87376
87517
87119
87225
87912
87372
87399
88002
86828
87130
87562
87812
85688
88804
87974
87644
88453
87923
87002
88789
88079
87199
87796
87427
87711
87878
86959
88145
87367
87731
87332
86741
87767
86499
88075
87543
85717
89102
85647
87928
87929
88023
86437
88301
87532
87713
87019
88212
87953
87505
87691
85623
89210
87138
88019
87681
87652
88176
87630
86474
89926
87722
80424
87495
88657
87847
87989
88418
88008
88090
88335
87615
88513
88067
87789
88451
87875
87512
89927
89912
89914
88618
88544
87601
88330
88840
87664
89244
89826
86797
89758
88047
88110
87090
89906
88078
88119
88014
89911
89905
89899
87607
89738
88050
88219
88692
88111
88474
88296
88006
87558
87635
88334
88076
88153
88460
87903
88085
88158
88352
88465
88440
87733
88784
87232
89909
89885
88238
88306
86000
88882
87144
89901
89889
89880
88779
87237
89135
85613
88785
86186
88947
87467
89781
85235
89886
88120
88337
85507
89654
88581
89385
88162
88712
88605
88369
88847
89140
86990
89878
89876
89875
88033
88037
88710
88064
88981
88187
88790
86791
88688
88152
89255
83143
89873
89869
89870
89866
89872
89858
89859
89834
88131
89117
88001
88836
88036
89224
89830
88469
87916
88808
87496
89825
89814
89810
89809
89795
88693
88170
88373
89552
88479
89800
89793
88388
87946
88678
87909
89078
88406
88586
88463
89036
89077
89187
88487
89223
88080
88622
88855
88800
88475
88646
89714
88554
89037
89807
89792
88852
88959
89130
88276
89634
89331
89259
88875
89205
89186
88949
88894
87860
89308
89791
89786
89789
89783
89785
89779
89778
89749
88632
89336
89272
88832
88918
89751
79693
89612
88630
89318
89763
89761
89759
88759
89757
89756
89750
88889
89100
89746
89740
89727
89726
89729
89745
89721
89720
89723
89716
89444
87527
89548
88174
89713
89710
89711
89703
88223
88539
89154
89707
89283
88610
89273
88517
88400
89702
89695
89701
89693
88687
89168
89688
89687
89226
89686
89682
89677
89671
89670
89669
89664
89667
89660
89659
89637
89561
88925
88497
89657
89643
89653
89646
89642
89640
89624
89636
89626
89618
89616
89611
89609
89413
89354
88631
89051
89115
88256
89604
89599
89593
89588
89581
89572
89148
89586
89582
89571
86876
89562
89560
89570
89566
89558
88714
89575
89535
89551
89557
89526
89547
89531
89528
89554
89524
89519
89520
89507
89502
89496
88698
88885
88273
89501
89495
89491
89485
89473
89469
89468
89466
89462
87310
89458
89438
89454
89456
89437
89451
89431
89430
89426
89421
89427
89423
88940
89418
89399
89414
89410
89400
89393
89396
89390
89387
89397
89376
89381
89373
89371
89366
89361
89364
89339
89369
89350
89338
88124
89013
89173
87764
89335
89332
89327
89323
88760
89321
88308
89317
89267
89316
89314
89313
89307
89305
89301
89311
89298
89300
89296
89290
89287
89295
89281
89292
89265
89286
89268
89270
89271
89260
89253
89257
89254
89249
89248
89247
89241
89239
89236
89234
89221
89228
89203
89219
89217
89201
89194
89174
89172
89191
89193
89192
89163
88746
89169
89167
89162
89156
89153
89152
89119
89146
89088
89134
89105
89143
89083
89127
89113
89101
89087
89098
89084
89073
89070
89069
89068
89066
89063
89057
89054
89053
89050
89055
89039
89035
89044
88919
88917
89033
89030
89026
89029
89021
89020
89016
89015
89006
89003
88997
88991
88993
88980
89002
88972
88964
88971
88970
88957
88967
88965
88928
88930
88939
88921
88954
88938
88912
88908
88909
88905
88922
88888
88896
88878
88868
88863
88861
88858
88856
88823
88833
88817
88834
88825
88780
88814
88813
88786
88806
88803
88821
88766
88775
88764
88774
88683
88749
88736
88743
88742
88722
88723
88741
88679
88689
88721
88666
88672
88665
88663
88659
88658
88650
88629
88627
88625
88644
88626
88582
88603
88601
88616
88592
88572
88564
88561
88553
88548
88547
88546
88543
88531
88514
88532
88505
88526
88507
88503
88493
88489
88494
88481
88466
88467
88447
88498
88445
88459
88458
88448
88457
88444
88443
88437
88434
88433
88425
88419
88417
88416
88413
88403
88411
88399
88395
88377
88394
88374
88386
88379
88372
88378
88341
88370
88358
88357
88353
88344
88336
88323
88322
88320
88319
88316
88312
88310
88305
88303
88295
88304
88282
88287
88245
88281
88274
88268
88267
88260
88259
88257
88249
88251
88252
88250
88237
88246
88240
88224
88225
88233
88227
88222
88214
88195
88205
88201
88200
88192
88190
88181
88175
88171
88164
88165
88159
88155
88140
88141
88114
88122
88154
88109
88127
88108
88112
88116
88074
88087
88096
88059
88049
88083
88063
88054
88055
88089
88021
88031
88053
87996
88042
87993
88045
87972
87982
87988
87971
88011
87954
87997
87970
87994
87966
87967
87978
87927
87965
87960
87959
87952
87935
87922
87930
87907
87913
87891
87910
87894
87893
87889
87866
87886
87864
87874
87842
87870
87848
87818
87851
87814
87824
87813
87794
87777
87793
87785
87783
87791
87782
87774
87770
87769
87758
87757
87743
87737
87727
87754
87738
87736
87701
87710
87724
87707
87706
87695
87700
87672
87690
87684
87683
87667
87659
87670
87680
87668
87654
87655
87662
87651
87647
87653
87648
87638
87627
87626
87625
87640
87604
87554
87599
87590
87592
87580
87591
87542
87584
87550
87522
87548
87589
87555
87487
87530
87524
87501
87525
87523
87511
87491
87489
87445
87481
87474
87434
87460
87446
87444
87423
87422
87412
87402
87398
87421
87387
87395
87386
87392
87380
87385
87378
87382
87407
87343
87340
87331
87336
87327
87324
87312
87318
87308
87305
87297
87299
87359
87293
87294
87290
87289
87283
87264
87279
87262
87266
87254
87261
87260
87236
87230
87242
87216
87227
87196
87201
87188
87179
87186
87187
87175
87161
87156
87147
87142
87146
87136
87143
87126
87134
87123
87159
87113
87115
87122
87102
87107
87108
87070
87103
87099
87140
87082
87068
87101
87080
87067
87066
87132
87017
87062
87057
87036
87055
87018
87053
87032
87048
87005
87029
87058
87024
87022
87028
87003
86988
87026
87011
87020
87015
86999
86980
86992
86966
86983
86987
86975
86961
86958
86967
86952
86977
86956
86940
86936
86948
86931
86928
86927
86926
86929
86924
86916
86922
86905
86892
86910
86891
86875
86887
86886
86878
86874
86870
86865
86858
86863
86869
86839
86836
86845
86835
86812
86833
86822
86827
86804
86821
86813
86802
86789
86807
86783
86777
86775
86782
86774
86771
86770
86755
86752
86811
86762
86761
86769
86759
86731
86739
86733
86721
86714
86705
86729
86711
86688
86678
86675
86672
86662
86658
86657
86664
86646
86643
86725
86605
86564
86636
86640
86613
86617
86600
86585
86565
86573
86563
86560
86558
86552
86551
86549
86536
86512
86519
86500
86569
86498
86490
86506
86491
86492
86482
86472
86460
86450
86468
86440
86441
86462
86413
86431
86430
86410
86386
86403
86408
86396
86395
86347
86383
86375
86368
86369
86351
86357
86344
86338
86335
86327
86334
86326
86328
86256
86312
86291
86409
86302
86290
86265
86284
86254
86280
86260
86248
86227
86236
86234
86216
86208
86221
86203
86200
86184
86162
86169
86161
86156
86148
86128
86145
86133
86318
86117
86134
86125
86112
86108
86104
86101
86095
86100
86083
86082
86073
86066
86062
86055
86051
86048
86047
86045
86044
86076
86034
86043
86029
86037
86025
86014
86040
86016
86001
85989
85985
85979
85983
85976
85987
85977
85972
85956
85943
85942
85936
85951
85935
85927
85938
85921
85911
85923
85914
85910
85966
85885
85901
85895
85888
85893
85891
85860
85874
85866
85851
85827
85846
85848
85836
85840
85844
85830
85825
85817
85805
85856
85813
85783
85791
85789
85782
85779
85757
85752
85756
85747
85751
85733
85746
85708
85702
85716
85665
85737
85674
85693
85663
85685
85659
85658
85652
85638
85636
85631
85635
85632
85628
85610
85617
85601
85599
85625
85598
85600
85583
85581
85578
85574
85591
85576
85569
85573
85563
85561
85570
85558
85557
85547
85551
85538
85533
85532
85528
85529
85519
85524
85512
85503
85468
85497
85485
85486
85484
85483
85458
85469
85446
85455
85442
85450
85445
85436
85434
85429
85427
85424
85413
85411
85405
85410
85384
85381
85426
85352
85353
85399
85350
85345
85340
85339
85327
85331
85330
85288
85324
85320
85322
85305
85313
85299
85296
85241
85271
85284
85294
85256
85264
85278
85250
85276
85219
85202
85230
85190
85218
85216
85208
85198
85197
85210
85187
85179
85172
85178
85144
85154
85155
85152
85142
85138
85137
85130
85129
85124
85119
85118
85112
85077
85117
85113
85093
85049
85065
85066
85085
85096
85039
85047
85060
85038
85035
85058
85034
85011
85021
85019
85004
85016
85005
85000
84999
84994
84985
84978
84968
84967
84962
84911
84959
84940
84884
84889
84921
84896
84885
84833
84943
84868
84854
84852
84866
84840
84835
84818
84800
84830
84794
84771
84787
84774
84810
84796
84741
84769
84792
84768
84737
84760
84763
84735
84765
84740
84728
84723
84706
84714
84713
84703
84672
84685
84695
84702
84694
84683
84676
84674
84671
84652
84667
84629
84614
84628
84625
84571
84607
84600
84584
84598
84541
84576
84565
84592
84635
84540
84574
84561
84519
84580
84556
84537
84527
84520
84507
84518
84503
84501
84490
84485
84483
84473
84488
84458
84516
84465
84481
84445
84454
84461
84509
84416
84457
84417
84420
84415
84413
84395
84418
84406
84386
84382
84439
84379
84353
84397
84357
84351
84375
84350
84346
84339
84337
84370
84340
84335
84323
84321
84315
84322
84298
84318
84287
84300
84290
84301
84288
84291
84296
84276
84275
84270
84266
84264
84254
84260
84242
84247
84239
84240
84238
84228
84214
84213
84212
84211
84215
84209
84226
84188
84187
84186
84221
84233
84141
84184
84179
84154
84143
84170
84142
84140
84119
84139
84160
84103
84108
84101
84095
84084
84065
84087
84089
84092
84052
84080
84074
84060
84010
84050
84039
84047
84045
84027
84013
83986
84008
83995
83994
83997
83978
83980
83975
83968
83962
83959
83969
83951
83950
83992
83929
83930
83948
83919
83928
83937
83918
83922
83909
83914
83887
83889
83886
83900
83885
83883
83873
83880
83867
83868
83865
83854
83852
83843
83850
83836
83829
83828
83823
83808
83804
83801
83821
83813
83792
83803
83786
83787
83784
83780
83763
83743
83742
83738
83724
83734
83723
83727
83731
83715
83711
83696
83714
83708
83704
83678
83682
83693
83695
83685
83680
83659
83673
83655
83654
83620
83639
83652
83647
83616
83650
83622
83612
83615
83597
83645
83609
83581
83560
83587
83594
83562
83542
83580
83604
83569
83539
83529
83515
83519
83535
83534
83582
83497
83502
83492
83505
83501
83491
83499
83473
83488
83470
83478
83503
83439
83471
83435
83399
83409
83430
83426
83389
83392
83356
83397
83424
83391
83407
83403
83369
83371
83388
83354
83345
83338
83330
83323
83337
83316
83322
83299
83283
83310
83298
83282
83279
83261
83259
83276
83206
83272
83256
83223
83236
83179
83178
83212
83207
83191
83197
83167
83165
83174
83161
83160
83141
83132
83124
83127
83146
83104
83121
83118
83120
83102
83093
83092
83122
83086
83082
83089
83085
83068
83070
83038
83080
83053
83061
83057
83037
83033
83022
83046
83007
83014
82999
83009
82984
82986
82980
82962
82976
82975
82956
82942
82992
82905
82961
82955
82945
82936
82927
82937
82925
82911
82904
82899
82893
82892
82889
82887
82884
82888
82869
82881
82863
82845
82862
82814
82836
82813
82841
82830
82811
82810
82808
82804
82805
82803
82795
82790
82802
82776
82779
82765
82769
82764
82789
82778
82760
82757
82767
82759
82737
82739
82734
82756
82750
82733
82747
82728
82729
82726
82725
82722
82706
82712
82696
82693
82688
82681
82717
82661
82679
82675
82663
82674
82667
82662
82660
82636
82639
82659
82646
82654
82641
82634
82626
82627
82611
82603
82630
82604
82595
82589
82581
82573
82566
82575
82562
82541
82540
82539
82535
82534
82531
82528
82519
82517
82525
82482
82512
82501
82474
82493
82497
82477
82467
82479
82453
82449
82432
82428
82446
82450
82462
82437
82442
82424
82421
82419
82413
82411
82408
82405
82402
82395
82378
82399
82377
82371
82407
82361
82366
82367
82355
82390
82352
82350
82354
82347
82341
82314
82317
82348
82328
82313
82337
82330
82306
82327
82300
82312
82310
82291
82288
82259
82267
82271
82298
82275
82260
82258
82252
82245
82251
82235
82217
82234
82224
82209
82214
82210
82198
82193
82172
82192
82184
82180
82185
82156
82182
82159
82167
82171
82130
82133
82149
82136
82124
82111
82107
82077
82048
82092
82066
82064
82059
82058
82044
82030
82016
82007
82004
81996
82014
81948
81997
81995
81984
81985
81980
81983
81953
81958
81972
81937
81941
81935
81912
81904
81934
81916
81901
81893
81892
81894
81856
81886
81880
81876
81872
81879
81867
81871
81863
81857
81835
81847
81821
81804
81843
81855
81809
81794
81793
81790
81783
81775
81787
81802
81758
81769
81751
81745
81776
81754
81750
81771
81718
81717
81714
81712
81711
81707
81693
81691
81683
81623
81577
81661
81618
81606
81609
81621
81615
81591
81587
81557
81539
81592
81553
81552
81546
81543
81555
81541
81521
81523
81535
81538
81516
81520
81509
81483
81506
81501
81495
81499
81508
81486
81476
81468
81456
81453
81459
81392
81449
81444
81436
81433
81441
81426
81424
81407
81422
81374
81406
81327
81412
81335
81332
81316
81367
81365
81322
81337
81313
81326
81361
81309
81310
81276
81306
81302
81274
81260
81273
81301
81256
81265
81263
81258
81255
81252
81250
81242
81240
81231
81230
81217
81241
81223
81225
81213
81204
81196
81182
81168
81206
81185
81119
81172
81160
81149
81144
81138
81158
81129
81137
81154
81151
81125
81130
81113
81103
81101
81097
81102
81066
81063
81100
81048
81050
81044
81038
81035
80963
81033
81031
81024
81018
81017
80986
81007
81013
80993
80983
81012
80990
80968
80974
80958
80966
80957
80951
80950
80982
80944
80941
80936
80943
80929
80940
80931
80928
80918
80915
80914
80910
80906
80908
80893
80909
80905
80897
80899
80889
80870
80873
80887
80858
80862
80856
80855
80857
80852
80834
80833
80830
80777
80850
80827
80801
80773
80849
80726
80769
80752
80742
80764
80735
80734
80728
80727
80708
80715
80722
80719
80714
80697
80690
80688
80660
80704
80670
80687
80659
80638
80655
80653
80669
80646
80624
80622
80642
80612
80602
80623
80625
80614
80608
80643
80603
80580
80596
80578
80575
80562
80548
80570
80568
80550
80563
80555
80544
80542
80551
80526
80540
80521
80515
80501
80484
80476
80503
80469
80512
80513
80475
80442
80459
80457
80432
80431
80425
80453
80383
80404
80379
80415
80389
80360
80414
80407
80393
80372
80356
80352
80348
80357
80337
80345
80321
80333
80334
80324
80310
80303
80290
80279
80278
80269
80259
80260
80245
80230
80235
80229
80219
80268
80213
80205
80212
80210
80204
80196
80183
80178
80186
80176
80158
80172
80150
80153
80149
80115
80116
80114
80111
80110
80106
80104
80096
80102
80101
80097
80095
80083
80091
80090
80077
80082
80081
80078
80074
80071
80070
80058
80068
80050
80046
80024
80018
80010
80016
80006
79999
79977
80001
79996
79994
79967
79965
79990
79973
79956
79953
79927
79934
79955
79950
79917
79941
79931
79920
79926
79913
79900
79876
79919
79856
79911
79871
79857
79844
79848
79840
79839
79862
79838
79858
79823
79850
79818
79836
79808
79796
79791
79810
79806
79804
79782
79802
79784
79773
79780
79763
79769
79716
79764
79746
79697
79737
79710
79715
79702
79691
79670
79680
79688
79681
79674
79555
79650
79678
79666
79657
79643
79639
79635
79647
79628
79642
79624
79644
79575
79620
79596
79591
79583
79638
79557
79574
79522
79549
79564
79546
79586
79527
79521
79588
79528
79520
79548
79512
79510
79519
79489
79508
79463
79500
79503
79467
79471
79462
79449
79452
79446
79441
79423
79426
79425
79420
79410
79402
79409
79400
79394
79389
79388
79387
79365
79397
79357
79384
79366
79321
79359
79353
79351
79352
79318
79315
79307
79309
79296
79302
79294
79293
79291
79278
79242
79279
79273
79274
79263
79271
79247
79215
79239
79231
79228
79190
79244
79224
79234
79202
79226
79221
79220
79218
79203
79169
79217
79162
79200
79160
79153
79158
79139
79145
79130
79129
79156
79140
78997
79126
79121
79116
79135
79108
79117
79084
79093
79055
79072
79025
79023
79009
79037
79035
79075
79053
78999
79066
79008
78996
79021
78971
78982
78976
79022
78978
78972
78964
78974
78969
78970
78958
78930
78943
78951
78924
78901
78934
78896
78910
78899
78864
78880
78884
78871
78824
78836
78829
78807
78855
78827
78825
78805
78799
78759
78874
78797
78791
78798
78780
78782
78765
78848
78731
78758
78737
78741
78738
78732
78733
78680
78677
78700
78704
78675
78649
78665
78667
78652
78635
78646
78642
78626
78630
78616
78592
78618
78631
78609
78605
78606
78578
78596
78570
78560
78553
78519
78557
78566
78574
78502
78533
78537
78496
78499
78527
78493
78486
78510
78484
78479
78483
78438
78489
78457
78461
78456
78472
78459
78430
78419
78392
78413
78431
78354
78388
78423
78385
78383
78377
78372
78363
78380
78353
78351
78357
78347
78350
78348
78346
78335
78331
78343
78321
78302
78326
78300
78322
78292
78263
78276
78261
78233
78280
78216
78221
78220
78219
78218
78215
78198
78211
78207
78197
78184
78182
78172
78185
78166
78179
78158
78180
78130
78128
78153
78150
78126
78143
78117
78097
78096
78095
78094
78087
78086
78084
78080
78078
78069
78066
78043
78064
78052
78041
78039
78024
78015
78012
78003
77988
78010
77985
77998
77992
77981
77970
77977
77969
77962
77968
77966
77964
77950
77961
77944
77942
77909
77936
77921
77902
77887
77894
77878
77862
77861
77868
77819
77846
77826
77854
77860
77848
77814
77812
77857
77813
77809
77806
77837
77844
77798
77788
77781
77804
77808
77797
77774
77780
77778
77759
77739
77772
77734
77767
77753
77758
77738
77745
77712
77731
77729
77706
77730
77718
77707
77711
77701
77715
77697
77696
77695
77664
77663
77667
77694
77655
77654
77652
77649
77650
77648
77640
77641
77638
77643
77634
77628
77607
77629
77594
77587
77580
77574
77581
77555
77571
77548
77557
77554
77549
77541
77533
77547
77522
77530
77521
77517
77508
77500
77490
77481
77496
77485
77478
77471
77472
77468
77449
77442
77466
77454
77462
77418
77431
77426
77453
77458
77401
77437
77423
77436
77430
77424
77456
77390
77396
77409
77411
77407
77394
77388
77392
77384
77376
77379
77386
77387
77378
77370
77357
77361
77348
77356
77367
77341
77290
77359
77330
77343
77283
77321
77296
77318
77279
77268
77255
77267
77235
77240
77239
77233
77254
77176
77194
77125
77141
77179
77142
77178
77147
77150
77139
77138
77066
77120
77119
77097
77112
77110
77113
77092
77109
77106
77059
77087
77056
77050
77064
77054
77051
77047
77017
77043
77028
77026
77016
77027
76972
77009
77008
77002
76992
76985
77025
76956
76966
76968
76964
76959
76957
76947
76963
76913
76934
76933
76925
76923
76891
76886
76907
76894
76884
76911
76848
76870
76835
76857
76876
76877
76863
76829
76826
76801
76840
76823
76798
76799
76797
76796
76785
76790
76779
76763
76754
76739
76752
76732
76766
76750
76719
76685
76729
76715
76707
76687
76735
76682
76701
76714
76694
76672
76645
76648
76706
76677
76684
76635
76643
76641
76640
76630
76629
76623
76616
76621
76615
76603
76601
76599
76596
76589
76593
76592
76584
76566
76579
76535
76565
76572
76555
76550
76532
76502
76539
76511
76506
76507
76487
76475
76499
76477
76460
76468
76452
76441
76434
76451
76428
76455
76422
76421
76418
76404
76415
76412
76414
76407
76403
76402
76400
76390
76387
76372
76369
76383
76370
76357
76380
76368
76360
76354
76350
76335
76316
76352
76334
76329
76299
76331
76291
76286
76298
76273
76276
76284
76270
76265
76253
76256
76241
76250
76264
76237
76231
76242
76211
76216
76239
76228
76233
76201
76208
76212
76203
76196
76197
76195
76192
76193
76191
76178
76174
76179
76115
76155
76158
76166
76142
76103
76096
76080
76092
76027
76127
76075
76059
76052
76007
75996
76018
76037
76016
75999
75981
75985
75988
75986
75961
75963
75948
75969
75943
75940
75937
75990
75931
75922
75935
75932
75895
75928
75885
75920
75864
75915
75882
75883
75881
75878
75874
75863
75871
75860
75851
75827
75850
75838
75845
75840
75835
75830
75824
75821
75782
75820
75806
75788
75775
75770
75760
75765
75754
75773
75759
75736
75734
75728
75721
75716
75722
75708
75706
75682
75717
75675
75654
75666
75576
75655
75618
75627
75570
75606
75607
75595
75560
75564
75574
75547
75559
75557
75548
75533
75525
75521
75519
75515
75502
75466
75498
75488
75501
75479
75487
75474
75459
75469
75475
75465
75443
75428
75452
75439
75457
75437
75427
75421
75419
75412
75401
75391
75386
75365
75395
75375
75357
75353
75336
75332
75325
75354
75331
75358
75333
75317
75308
75316
75288
75343
75254
75306
75293
75280
75302
75291
75279
75266
75262
75260
75229
75249
75219
75244
75241
75212
75199
75252
75159
75208
75183
