376
1
28
965 124
996 6
876 199
967 18
957 151
930 173
958 146
818 252
838 227
949 165
769 336
774 290
657 405
834 244
810 273
711 373
753 355
715 365
590 437
582 474
684 382
758 350
595 434
585 459
495 609
563 534
503 566
501 573
579 528
651 426
517 547
478 624
465 664
492 622
338 695
250 805
160 30
375 681
353 689
288 737
266 763
168 973
234 866
238 857
226 879
172 943
102 80
198 920
171 952
163 12
126 32
36 156
96 93
76 129
123 40
47 147
61 144
918 285
95 115
65 134
990 157
927 188
759 388
919 259
911 297
710 407
934 182
882 321
816 345
628 443
789 371
871 330
601 490
580 525
709 414
577 562
529 572
599 518
280 697
464 583
359 662
545 571
385 643
331 675
366 653
223 760
2 872
390 625
143 801
428 612
128 825
218 794
271 705
71 835
116 833
55 853
910 937
59 841
981 891
961 903
46 862
928 915
868 953
773 130
824 49
897 947
828 984
793 72
717 138
731 133
781 99
720 137
698 231
668 270
666 304
806 52
636 327
633 368
632 376
676 236
660 307
630 394
498 452
607 422
631 383
637 318
510 444
269 701
608 410
487 454
384 494
535 424
337 544
484 455
432 482
343 537
246 726
335 674
206 808
248 716
224 765
215 770
257 703
161 832
214 800
158 858
131 881
37 26
82 956
66 977
85 932
979 44
0 31
974 67
119 912
941 150
946 105
57 10
940 153
909 155
58 988
898 243
904 195
762 413
883 386
685 447
788 401
968 101
901 200
752 415
782 402
618 522
634 513
683 458
884 256
552 620
635 481
673 461
659 475
589 524
700 438
399 813
586 617
548 665
542 670
466 735
476 714
264 873
291 856
417 751
310 840
395 817
419 740
295 846
237 885
69 8
527 686
175 982
191 929
117 991
945 91
999 27
985 51
185 960
68 15
916 94
783 162
64 20
749 183
798 118
600 262
980 88
598 263
750 169
603 249
699 204
902 108
892 114
427 471
86 993
696 242
578 339
587 289
558 372
568 341
512 408
564 344
523 392
398 543
449 469
496 409
363 553
418 511
324 581
322 615
306 619
253 661
445 470
207 744
221 721
190 795
104 814
152 797
79 861
97 837
84 847
992
403 521
54 894
998
997
53 995
994
975
935
938
970
986
987
948
936
951
971
978
926
889
966
983
922
955
860
972
964
180 796
969
962
944
942
976
917
899
954
939
921
896
923
989
933
848
950
908
963
878
880
855
890
888
875
906
924
959
914
877
913
886
867
895
852
870
799
843
874
859
851
907
785
820
864
869
931
905
850
812
900
804
865
836
831
802
925
815
777
786
839
844
823
767
863
887
849
784
766
826
739
779
809
775
827
829
745
803
819
791
771
830
893
821
807
761
787
792
722
854
754
732
768
780
658
691
667
746
822
756
747
